2.204435753675067390e+05 3.443163085767966550e+03 4.699607113286452659e+03 6.712899579290913152e+02 -2.411690968801637212e+02 1.077443705914698694e+04 -1.650317965398360002e+03
3.443163085767966550e+03 4.643020841714544986e+03 1.344883299947905471e+02 4.566031099535146609e+01 -2.071685538625214207e+01 1.704348003096316120e+02 -1.626164120746217918e+02
4.699607113286452659e+03 1.344883299947905471e+02 5.824196739521112249e+03 1.258497352823713271e+02 -4.030172821584162790e+01 2.357522399082542961e+03 -2.575140080871199757e+02
6.712899579290913152e+02 4.566031099535146609e+01 1.258497352823713271e+02 1.177439951478855562e+02 -6.212513887855375394e+00 3.062220908310155210e+02 -3.943790855214764690e+01
-2.411690968801637212e+02 -2.071685538625214207e+01 -4.030172821584162790e+01 -6.212513887855375394e+00 1.247867618307109261e+01 -9.547088770998500706e+01 1.377016647972024366e+01
1.077443705914698694e+04 1.704348003096316120e+02 2.357522399082542961e+03 3.062220908310155210e+02 -9.547088770998500706e+01 3.478659832811761589e+04 -5.972864457860472385e+02
-1.650317965398360002e+03 -1.626164120746217918e+02 -2.575140080871199757e+02 -3.943790855214764690e+01 1.377016647972024366e+01 -5.972864457860472385e+02 5.734320460387649518e+02
