8.496620680241707305e+03 2.402436197674684024e+02 1.546722391197722004e+02 5.178313820319708327e+01 -1.334171007432133393e+01 3.639721078409752977e+02 -8.028464120366101042e+01
2.402436197674684024e+02 4.809581860431320592e+02 -1.196521546170689909e+01 2.556424388097219946e+00 -1.485092020141395741e+00 -6.455307467882167316e+01 -1.125545948847716460e+01
1.546722391197722004e+02 -1.196521546170689909e+01 5.482734380277072432e+02 2.035700219260732524e+01 -4.146836978908933879e+00 2.642432536437170256e+02 -2.409119432302101416e+01
5.178313820319708327e+01 2.556424388097219946e+00 2.035700219260732524e+01 2.934798325454057633e+01 -1.063111492331640928e+00 5.679385824691252793e+01 -6.379437597987164033e+00
-1.334171007432133393e+01 -1.485092020141395741e+00 -4.146836978908933879e+00 -1.063111492331640928e+00 1.464773149892825810e+00 -1.112968851238378853e+01 1.511758519883853458e+00
3.639721078409752977e+02 -6.455307467882167316e+01 2.642432536437170256e+02 5.679385824691252793e+01 -1.112968851238378853e+01 4.670439003133807091e+03 -6.276038939918342408e+01
-8.028464120366101042e+01 -1.125545948847716460e+01 -2.409119432302101416e+01 -6.379437597987164033e+00 1.511758519883853458e+00 -6.276038939918342408e+01 5.894602495900802808e+01
