1.935758277767274121e+05 2.858289846637715982e+03 4.074209847382033786e+03 5.190384469484952206e+02 -1.977021869142077151e+02 9.238860537941702205e+03 -1.392564303557879384e+03
2.858289846637715982e+03 3.557450226795847811e+03 1.418238463373915010e+02 3.646149111026680600e+01 -1.664841562151753962e+01 2.434808359295661830e+02 -1.325318971700222903e+02
4.074209847382033786e+03 1.418238463373915010e+02 4.526609473329655884e+03 8.523402503321261747e+01 -3.008696113091868085e+01 1.773328467965496657e+03 -2.000026042152390175e+02
5.190384469484952206e+02 3.646149111026680600e+01 8.523402503321261747e+01 6.792374591762312264e+01 -4.022791995517105867e+00 1.996494176375896643e+02 -2.662819156853417013e+01
-1.977021869142077151e+02 -1.664841562151753962e+01 -3.008696113091868085e+01 -4.022791995517105867e+00 8.883820057451776719e+00 -6.933526318680040390e+01 1.016345545140638684e+01
9.238860537941702205e+03 2.434808359295661830e+02 1.773328467965496657e+03 1.996494176375896643e+02 -6.933526318680040390e+01 2.519738000555185135e+04 -4.535667312631984487e+02
-1.392564303557879384e+03 -1.325318971700222903e+02 -2.000026042152390175e+02 -2.662819156853417013e+01 1.016345545140638684e+01 -4.535667312631984487e+02 4.379461219502874201e+02
