1.462444280759888643e+05 2.064975278709664053e+03 2.960530617364827322e+03 3.192079143768382323e+02 -1.310824566260991446e+02 6.585551338469941584e+03 -9.909064990615538591e+02
2.064975278709664053e+03 2.346150760685577552e+03 1.180864846462914528e+02 2.325860495529741812e+01 -1.096979021247621944e+01 2.290283656743947063e+02 -9.180538147761966172e+01
2.960530617364827322e+03 1.180864846462914528e+02 2.960257787328863742e+03 4.634488854312635908e+01 -1.799798482869363880e+01 1.120860752747767037e+03 -1.302204678796160238e+02
3.192079143768382323e+02 2.325860495529741812e+01 4.634488854312635908e+01 3.009079972285132598e+01 -1.988190293885906623e+00 1.046204985082088399e+02 -1.449068320674750154e+01
-1.310824566260991446e+02 -1.096979021247621944e+01 -1.799798482869363880e+01 -1.988190293885906623e+00 4.836986861866528820e+00 -4.027880654778225278e+01 6.031063489139112832e+00
6.585551338469941584e+03 2.290283656743947063e+02 1.120860752747767037e+03 1.046204985082088399e+02 -4.027880654778225278e+01 1.533417776722362578e+04 -2.887107201962152772e+02
-9.909064990615538591e+02 -9.180538147761966172e+01 -1.302204678796160238e+02 -1.449068320674750154e+01 6.031063489139112832e+00 -2.887107201962152772e+02 2.812001024288047120e+02
