1.720996372619081812e+05 2.488529657204045179e+03 3.564473228061988266e+03 4.204160495995806173e+02 -1.661540926194201120e+02 8.012853953381642896e+03 -1.205906409647130658e+03
2.488529657204045179e+03 2.968461268044549797e+03 1.338044077555159959e+02 3.019258341894518338e+01 -1.397860407108172787e+01 2.466590570056010279e+02 -1.134809458001548421e+02
3.564473228061988266e+03 1.338044077555159959e+02 3.771378700502880747e+03 6.523566888112635809e+01 -2.415169941000423037e+01 1.453872945605450695e+03 -1.664329201259106696e+02
4.204160495995806173e+02 3.019258341894518338e+01 6.523566888112635809e+01 4.728764522748228671e+01 -2.958565424536855559e+00 1.501394281077973005e+02 -2.039492168905898950e+01
-1.661540926194201120e+02 -1.397860407108172787e+01 -2.415169941000423037e+01 -2.958565424536855559e+00 6.853691151901249334e+00 -5.489905739571514687e+01 8.126543889673067511e+00
8.012853953381642896e+03 2.466590570056010279e+02 1.453872945605450695e+03 1.501394281077973005e+02 -5.489905739571514687e+01 2.028971214786759811e+04 -3.734299551840470599e+02
-1.205906409647130658e+03 -1.134809458001548421e+02 -1.664329201259106696e+02 -2.039492168905898950e+01 8.126543889673067511e+00 -3.734299551840470599e+02 3.619678284395312176e+02
