2.155332220485227008e+05 3.745757931866287890e+03 -2.644027223248710652e+04 -3.446667084805293371e+02 9.136803388935959447e+01 -1.492774486215548131e+04
3.745757931866287890e+03 5.853165552395626037e+03 1.292868291671398310e+03 6.007132897269080019e+01 -2.900234072887380776e+01 3.114609458955247305e+02
-2.644027223248710652e+04 1.292868291671398310e+03 1.932921901881331869e+05 8.485076138745722574e+02 -2.767246788413570471e+02 2.047666117451403261e+04
-3.446667084805293371e+02 6.007132897269080019e+01 8.485076138745722574e+02 1.268128864303593843e+02 -7.757358192630781524e+00 4.641010694028006469e+02
9.136803388935959447e+01 -2.900234072887380776e+01 -2.767246788413570471e+02 -7.757358192630781524e+00 1.294260104413030810e+01 -1.438066053098818884e+02
-1.492774486215548131e+04 3.114609458955247305e+02 2.047666117451403261e+04 4.641010694028006469e+02 -1.438066053098818884e+02 5.579462221955602581e+04
