9.825367449937993661e+04 1.180862403441253036e+03 1.632252164037338844e+03 8.456802830913129299e+01 -4.527967997427689539e+01 3.460901048049900965e+03 -5.416770636993234120e+02
1.180862403441253036e+03 1.025110276840462120e+03 6.930906643120839306e+01 5.976836518460149961e+00 -3.518651630543059738e+00 1.506937713845371434e+02 -4.345430844002557791e+01
1.632252164037338844e+03 6.930906643120839306e+01 1.219716660731526872e+03 8.924655786990490114e+00 -4.599032401796719682e+00 4.280262652041512865e+02 -5.434103207881197761e+01
8.456802830913129299e+01 5.976836518460149961e+00 8.924655786990490114e+00 2.719540244650950456e+00 -2.433856826967854270e-01 1.891506390156661510e+01 -2.923249836675276381e+00
-4.527967997427689539e+01 -3.518651630543059738e+00 -4.599032401796719682e+00 -2.433856826967854270e-01 7.941407555559804043e-01 -9.773277821660022013e+00 1.603654696130851764e+00
3.460901048049900965e+03 1.506937713845371434e+02 4.280262652041512865e+02 1.891506390156661510e+01 -9.773277821660022013e+00 5.411857917367042319e+03 -1.156837913434063410e+02
-5.416770636993234120e+02 -4.345430844002557791e+01 -5.434103207881197761e+01 -2.923249836675276381e+00 1.603654696130851764e+00 -1.156837913434063410e+02 1.177489755390975006e+02
