2.127033877241399605e+05 3.716224071773170635e+03 -5.085401853234973714e+03 -3.595369594810506442e+02 9.498866985609656410e+01 -1.487192129046580339e+04
3.716224071773170635e+03 3.658394712855718353e+03 -1.352513067667184146e+02 5.862790752420607099e+00 -6.941523539327651982e+00 -5.923538162980603374e+02
-5.085401853234973714e+03 -1.352513067667184146e+02 5.441018194834290625e+03 1.127052224837898393e+02 -3.312924679357679736e+01 3.112422293657658429e+03
-3.595369594810506442e+02 5.862790752420607099e+00 1.127052224837898393e+02 8.062689707092526703e+01 -4.432106653573792521e+00 3.397422412699412462e+02
9.498866985609656410e+01 -6.941523539327651982e+00 -3.312924679357679736e+01 -4.432106653573792521e+00 6.647110321013586898e+00 -9.508951625864608559e+01
-1.487192129046580339e+04 -5.923538162980603374e+02 3.112422293657658429e+03 3.397422412699412462e+02 -9.508951625864608559e+01 4.572171963438046805e+04
