1.749752148224941047e+05 4.160724334290606748e+03 -3.203424879538890764e+03 -1.870835815595279996e+02 3.584213600135879574e+01 -9.901271660030310159e+03
4.160724334290606748e+03 2.776064894266258307e+03 -3.697394824823921908e+02 -2.230192917269283726e+01 3.664303211268320926e+00 -1.183992617106641546e+03
-3.203424879538890764e+03 -3.697394824823921908e+02 1.809581362071417061e+03 2.608314916450018472e+01 -5.204276591553296250e+00 1.131693776620134940e+03
-1.870835815595279996e+02 -2.230192917269283726e+01 2.608314916450018472e+01 1.398005628572374093e+01 -5.119774485008340426e-01 8.930671815880477027e+01
3.584213600135879574e+01 3.664303211268320926e+00 -5.204276591553296250e+00 -5.119774485008340426e-01 5.301428683702368305e-01 -1.695981448729227381e+01
-9.901271660030310159e+03 -1.183992617106641546e+03 1.131693776620134940e+03 8.930671815880477027e+01 -1.695981448729227381e+01 1.819784965840179211e+04
