219041146.26446423 1321433.66849341 602565.82642277 488789.47367990 -894840.50062479 1228481.81095628 -601522.11666890 780338.77429630 69688.63170157 114561.87362364 -406249.91313026 113726.28848650 -231097.65211446 -464198.64144352 -415957.41504077 315210.40214745 131711.69486370 1162888.85766812 432164.39257388 -265263.49628418 526342.80495782 462454.26497084 571518.40970925 483198.55652129 198927.84819523 202266.39079288 -79145.64018205 385389.64321588 226125.31296921 200364.72923156 96179.25557260 4197.11322785 284664.57764131 -13516.37422393 353120.14978657 301696.54827720 -30412.62055029 476125.70270427 358681.26267570 327928.13144060 309246.48990903 186742.85345194 224702.44448471 265151.03681955 45544.87392871 144725.71980970 638120.30431907 233288.34762350 123765.82856393 102049.44713620 122896.88950763 92194.54450315 228064.55499526 69403.36310234 133687.35944474 143829.26768336 134752.72131803 131312.36808801 77367.98609941 98710.33916562 98859.36914917 79518.72008205 117867.75113265 79937.42120758 79474.68130263 113643.44669898 138524.44826633 72356.08423832 81395.83723503 60125.64469706 89511.65006664 59466.36044891 110249.17467161 83359.67574718 65738.91954524 76207.93489638 57333.31426638 65633.54024140 70943.52932119 56344.56799733 69388.09546676 60484.09536776 50845.69963981 65009.73129789 46476.96475448 43189.33767333 49097.47992104 50240.24981841 42784.92316589 41700.81730784 32314.94860501 49600.01072884 38128.03652258 40492.18723689 39392.53762753 37318.51582441 28652.50541338 36447.12241936 35783.86912729 34483.66438358 29202.14290028 22531.11365714 24423.02671138 25686.95317891 23279.05814692 25656.79666707 26230.69943676 18297.76917376 22448.78598630 20340.95610775 18214.44058586 19005.62529020 18233.62869444 18862.83938924 18965.86863135 16479.58527895 15863.67566333 15323.94820811 15849.56509464 16062.57675958 15151.62970055 13081.06794463 14830.08421629 13275.27508173 11794.78365950 11988.70627676 10977.71161794 11130.90006806 11424.82141844 10132.69486219 10034.43143797 8842.69217963 9352.18639646 8873.77073897 9596.01008011 7701.12048873 7700.21715729 7871.61700612 7469.46155482 6611.85258870 6364.30867582 6672.82588435 6917.39160382 5806.18100942 5919.13848428 5754.31900823 5239.44210968 5126.46417133 4698.99284061 4431.09906668 4438.73151628 4347.73500466 4018.46795045 4187.43605015 3747.19034907 3658.34482064 3376.26109869 3365.03432550 3085.85800742 2857.60439264 2907.71990800 2560.42709475 2440.71612830 2355.28867184 2344.72514918 2087.00487898 2079.62496211 1906.50473705 1907.21086931 1731.18132276 1658.42264190 1557.08202467 1400.50651544 1346.89185771 1325.50195347 1166.40040169 1100.17420943 1031.31328858 979.53649154 926.69752314 819.82398005 764.05302970 728.09864919 638.89248025 566.39931762 539.13996254 502.07814635 459.05715648 413.78515137 389.42347180 312.34617916 297.34175473 275.49241594 220.76978260 215.82516140 185.86628392 159.99751102 139.53948988 112.41609440 93.78007104 77.54593679 55.70435334 38.50463102 30.15476682 21.56078880 6.29905195 -3.77542424 -15.23127580 -20.40439277 -31.35206581 -39.93892838 -40.34927628 -47.07553613
1321433.66849341 49703901.31267951 -842831.56789235 949950.86519910 186513.92270682 775516.72613541 281694.09665259 700767.50997867 891156.04412828 500301.94485966 407508.96835597 79064.56046297 363305.08162441 188175.44705240 240513.77942153 -44027.31808317 208395.10699697 508148.69442902 194201.41651396 65866.69097998 422396.69238305 57724.45779193 147149.49996541 94032.30581917 100444.52615374 168930.63319121 -172902.95751729 203057.21434776 -4616.86522351 116445.51833713 74911.77474623 75308.89479411 40598.73142393 -15910.03096921 215796.31980716 117817.09022805 150660.41196044 170905.33822845 84493.55817783 64078.35325920 140683.37014088 41303.78927080 76300.92947344 58621.16546318 133327.10072907 81849.23431970 35513.03954889 58915.02793690 116313.72551228 61897.28427319 162734.59628193 88391.09109307 117257.70370478 83520.09524871 58449.80198362 58862.67343443 82658.65124821 65933.85338781 76749.40588398 71512.18450212 61295.49314378 69934.61904949 52618.11335218 71809.15151691 60084.17269495 45562.74345144 64628.80043071 53042.51066709 36111.94757516 41751.90530276 48118.00320277 39472.94592552 50845.01907141 44858.10442002 38844.17030527 55123.33163854 30595.42445618 31110.56234669 42955.93220269 26482.63847984 30245.37580209 32101.23058662 33288.36593619 30658.36130381 26798.62343519 33094.36642947 24833.39666799 26274.59314101 17977.26675477 24185.34909285 21685.50733389 18206.35522780 16975.98139120 16658.93390731 18219.31612712 18952.73515827 18554.60829875 16627.89598101 15675.84915434 16119.39456721 15532.90836902 14858.75125929 15384.74873517 14488.68575732 15170.19497701 11474.92535435 13193.92115933 13284.36895548 9442.69528548 10624.92739857 10638.30126962 10020.93442367 9748.55860989 10025.22623585 10178.99609227 7955.48269149 8434.06135547 8413.65617765 8270.49596705 7915.00884288 7685.27295653 6828.53864766 7694.58034795 6275.08155531 5936.72631458 6307.63709387 5835.98423010 5859.28163023 5412.76360495 5497.77053149 5267.17293910 5027.20912128 5206.58591035 4547.65747858 4414.61766760 4371.43477175 4419.60628196 3635.10145908 3887.99063476 3574.48935175 3650.18257769 3243.77315993 3147.33071124 3205.37824946 2846.91564082 2887.85293823 2849.85029178 2713.42281265 2567.04314818 2533.52260048 2498.55056869 2276.58378669 2101.85975784 2112.51238367 1911.02864979 1988.63933046 1805.79014157 1755.26615099 1580.85670939 1566.77264948 1575.18604575 1474.48749093 1383.54033646 1368.19485898 1297.46337133 1222.82279096 1159.55613508 1071.38530574 1042.65490814 1008.70607196 941.47078585 908.12616651 897.87266784 839.32706296 771.05966345 723.84854659 660.08692872 647.21009359 600.92173568 567.28339655 520.70321102 503.64745637 484.88458058 456.08706047 416.83234918 387.89247107 359.74410018 329.22536481 322.20033869 303.98227638 271.83427139 262.54476198 239.81747390 219.46763441 216.00310984 189.25250856 179.88177104 162.55569802 146.76383243 132.02683572 121.13305023 110.01902865 94.99750602 95.41361790 83.67367618 78.17510670 67.26108435 59.76369513 54.69230642 48.88793892 41.94905798 38.48291356 33.44207847
602565.82642277 -842831.56789235 51544978.00424249 -1999354.11847643 426315.87060303 -427679.69920367 -399331.76447805 220966.99043748 70795.50457522 288832.37713101 -161479.16900577 -179772.06468201 228313.69956732 -235542.70850519 479003.74006173 -4315.67053688 -333250.71690610 17164.36610648 111358.20423505 234890.69280028 228155.58515840 221853.71220743 280948.04232027 -71503.94697425 25908.95859697 82853.54393091 -60829.61034948 85286.61281578 165412.94081770 -50884.93557864 100030.05433479 67047.07867954 77944.10342334 -23362.03634261 170117.35721651 75556.94824874 29352.58300524 142823.62646072 16460.71282059 57381.71648664 93473.30738916 45305.30732889 29914.23741480 5541.43802742 69538.53994902 46270.16148944 -126681.59806141 43216.57082740 29117.18351213 15669.61924489 126276.96291059 63835.28159797 61844.77794328 -32043.30300593 -8732.92494523 30754.13132128 47059.45566418 32858.48424860 37500.37694029 16563.16478029 30397.55197193 23991.52271211 41918.79224131 40794.13129258 46356.72891252 30749.37795364 23434.51298569 23190.54885114 13148.84191914 10164.28273062 26785.91600485 26765.03141637 20099.04007624 2877.09315376 27484.44195164 15599.51376937 23872.49944335 18829.11146565 12111.06462139 18950.80756996 21860.41398112 18579.99121227 11513.84279825 24436.54540907 16079.99059944 19000.86195840 14089.71134915 16960.22647695 11413.09030742 17296.78809509 19039.02736325 11734.92290178 11351.61273649 14279.62160424 10321.73655687 14791.67992931 9295.90385835 12154.13149437 11758.98121477 9476.19602842 9323.84683978 9071.00775406 8095.10836494 9080.94745180 7277.73114094 7089.86586710 8984.82386275 6343.56693406 7444.96856808 8579.14131267 5698.90299347 5609.42078653 5577.73885122 5367.51518591 7478.33767286 4029.68043687 5018.19714152 5319.52713090 5314.62563756 4848.77291123 4626.77692051 4134.16230834 4342.61518391 2940.23514574 4324.00856538 3977.45149232 3664.43184159 3449.61875802 3514.08604028 3653.66700126 3314.06132345 3364.26386636 3077.02659185 2853.14408759 2550.71487274 2758.85205090 2828.50938484 2229.33789317 2289.23960078 2192.96982184 2063.41833275 1969.27822486 2082.94662391 2024.59280846 1876.94211409 1776.11883498 1728.54575285 1532.88952886 1609.26968060 1495.65967874 1424.22839604 1443.79215500 1374.50193905 1302.91773641 1334.37002000 1328.45165838 1164.07815448 1084.25897219 1058.68352915 1044.69250582 954.18471417 897.46151625 938.59159960 827.26906897 837.68091396 732.89177079 756.51497638 723.97094392 663.56322168 641.70475174 602.75057626 571.43955385 559.33774283 587.75110087 527.35368300 489.12965527 461.00449709 425.25786147 407.24977470 403.81264541 397.82706812 357.92013558 349.47977652 330.05075023 300.67102021 287.06680026 259.75974303 245.47560407 241.22417082 223.80876721 209.85793994 193.03288480 183.84423324 172.22464604 155.55252008 143.49366192 136.79075631 122.06401776 118.16904837 110.53257531 98.73097058 90.57104074 82.59240065 74.60303096 75.10127839 66.56091800 60.84537301 58.26256751 51.47629266 46.89098378 42.70538938 38.17605950 35.14236924
488789.47367990 949950.86519910 -1999354.11847643 57593276.58297288 -471302.77632185 796948.90080910 -509357.27139689 -115605.20413022 -75682.41811173 517558.95709259 97764.56846167 -16447.56266110 -469866.05428075 562297.31873175 258557.79132998 297477.33494530 187042.47275247 77619.10981569 55828.24500500 177375.60405739 114542.99728176 -113002.46035240 131582.96218551 -23381.08421846 83224.00899465 132646.49554584 -48539.51843716 163844.78330382 68473.70824452 114151.84232241 181808.01652180 137796.49228383 113685.41547959 -39136.64314277 -2828.82344600 62610.22969329 155161.64353237 239106.33788413 32506.63800702 -46509.38757363 17270.33233416 100820.63129416 64212.33794936 2999.57759417 59495.30971746 -28708.27372894 -45612.86061846 47016.85943079 60395.74143845 53711.99189573 26577.83811459 35208.97265154 6085.06444202 63489.79580532 43782.02107735 16279.96766675 24454.44581225 31198.87303045 21481.18938434 55985.53417922 28267.94767023 8960.56953144 11207.14108557 30875.69232591 -7607.90264971 32185.28474340 16637.72440399 35112.00085230 18149.35269761 20324.77748478 -7978.60224661 21731.93882213 24610.16959229 11084.95763842 18949.26540544 542.92749971 12681.94957225 8856.33872409 13007.63073762 11006.64287016 17536.89211143 3430.04728187 16532.12080181 15784.43123377 6714.78925412 10461.51397026 9962.92128867 7263.23169746 10531.93175119 11599.96891356 5593.07599559 7286.10060634 2672.19780881 9146.63583890 4434.84248622 9583.01602377 5505.38878460 4388.17691622 4704.38958159 4369.05201920 6384.64808342 6987.14495613 4585.95774560 5462.50382133 4758.70007718 2386.57197042 4212.76515221 2942.31423789 2563.42008472 2786.09221449 4232.98638018 3077.63531589 1913.91099707 3907.30620810 1924.87233816 2246.25399625 2835.57758149 2649.06857129 2303.51800863 2816.24556542 2645.29318356 2267.09545964 1391.33385588 2426.52004296 1692.49620137 2263.46540996 1605.26098029 1540.08246555 1223.63719451 1182.58258639 1858.53590230 1946.53447264 1690.80666543 1328.01225429 1787.96590671 1493.13696091 1255.25290884 1304.72727552 1384.14201894 1162.10599174 1003.41863537 918.58828321 1125.58553993 899.02504508 1005.39027537 942.30987873 776.48079440 830.67297914 835.45214083 760.74160002 769.55670929 646.85174558 623.76493471 661.67488715 403.21920858 607.27586880 565.39726403 646.54809160 466.09541946 425.70497824 575.15846391 445.11259570 393.65540291 440.30885573 388.74202636 404.00395749 356.51377471 349.38301742 348.65340165 296.03218831 297.40898263 255.59930524 262.17499859 296.52266642 281.18293718 249.64425161 249.62542942 228.37309917 207.65552027 204.60099294 193.78004654 189.96574572 166.21652929 164.32462021 150.86665127 141.44380016 117.27530609 123.05106297 124.03932605 106.79118956 110.04316319 104.08803713 87.79941764 83.69259305 72.93602889 71.33078116 68.24793094 68.63799072 57.47849359 50.19573533 49.73044236 45.43207768 39.77642018 37.93106120 36.30098509 30.60181963 30.09862497 26.19487142 26.05892428 22.67029835 18.52190359 18.08263693 15.07782496
-894840.50062479 186513.92270682 426315.87060303 -471302.77632185 12691620.74901834 249966.78969457 29524.45571564 -265543.78803877 49539.34449948 277641.15888586 205140.21549638 -167810.63186521 5876.72463638 465261.27083961 61668.19481163 193513.77545824 161237.25750700 112194.96949944 -13495.25662979 242243.63240068 86220.06740898 49158.76784221 55009.38471780 133722.84027013 34603.04290586 60310.56404594 190794.50524437 109484.90853317 80057.98449130 54616.83815492 -5707.21173328 59646.44167689 40506.62922541 69267.39414660 71879.53846734 7744.57369584 28417.85227729 41651.21769292 58403.36631651 33556.49279608 -16622.64931035 80357.59537313 29624.26321224 87402.16492443 17039.68712480 45905.56237318 89946.33419972 20426.72924119 58658.90343469 28890.94238683 59568.55932433 30649.75446169 39436.67816347 10285.38274092 12399.66849130 46111.26258662 43478.10264666 14337.97845498 17127.12538025 23586.68810055 13817.66843656 16353.48148732 15916.35233137 25334.61017282 15997.17802973 22223.69073600 13152.41965163 19068.50602179 19536.17625897 16447.03221646 12621.63245213 19014.08098898 14255.45583384 11447.01999688 18169.00581765 14147.03643969 12458.92768928 13635.84521425 15634.41424930 12186.24352211 9308.60339893 10659.80420412 15334.20313042 13103.26565814 10532.72390065 11275.34457921 11668.16351106 7126.07529990 8837.03189511 9259.23166594 7736.87011996 7115.54775541 7497.19796253 7393.29623299 6594.09367435 6807.64145435 8222.90356323 5653.32393723 5779.72435964 6760.63670511 5301.70422590 5845.19512686 5067.93666149 6198.76684159 5204.09968223 5109.22069643 5000.61932176 4523.78364183 4054.01187779 4636.25443562 4168.81066503 4453.24050464 3922.34657693 3382.53017779 3622.78976059 3194.90582299 2903.96665568 3392.96400016 3183.04914949 3107.67056193 2509.33784805 2817.09916258 2454.07023795 2617.63689786 2240.37920881 2176.95890363 2133.15722427 2210.30330091 2045.86354249 1955.21708033 1942.44209974 1896.97121693 1960.23064457 1772.13247417 1803.44022311 1703.70488794 1575.42501513 1463.69845404 1520.43141930 1337.29356747 1362.95831537 1399.67050557 1181.16406937 1181.82706547 1092.57598020 1114.97070415 1165.54806962 948.89174586 943.76655254 923.94412024 902.87343386 870.99125683 802.15760442 789.51418989 800.65626668 726.87120994 695.93020616 654.84959423 582.90397546 594.82754024 572.25341122 553.36711072 500.60644748 524.83689916 505.94898116 468.47263167 452.96382012 395.43883438 362.49300866 374.43540713 366.59903425 344.97958571 321.05978825 293.98986774 291.18962500 270.97307328 246.21778443 241.24744333 233.81805059 227.79398237 212.22547885 200.14458193 191.63893324 175.18738441 162.07448905 159.86556532 140.84730113 139.55591856 125.90140911 118.31714957 112.09470268 104.51544460 102.54002710 96.99421557 87.83650696 79.56227360 74.58796637 69.69270492 64.10484370 61.64547083 54.80047556 51.52056596 47.46487192 42.74371068 41.91380096 35.55176876 32.81302002 28.41670856 28.41594601 24.07598672 23.20649287 19.57536111 17.96202575
1228481.81095628 775516.72613541 -427679.69920367 796948.90080910 249966.78969457 9710009.31004467 91247.21828354 -75723.52224840 120854.04237038 393907.29714033 320322.68130677 309394.88826179 -8810.91122508 463211.84254837 224941.27221039 112375.24050173 -24025.12334771 172813.95751522 166048.10346102 179595.66478667 39523.36268305 -28864.60277658 97470.85785222 62621.24915335 98750.12580079 64445.00610442 -107836.61159522 6262.59880121 109117.17173874 110002.54225870 33887.57766551 47815.31186148 45233.83852583 59186.44659848 49300.67694829 69510.72149008 83070.46349389 92266.80736311 67158.30123113 60894.81859001 83862.31980403 45296.72203192 -4163.96544066 11095.37534076 24051.06942584 52898.24025682 -14059.64264859 8316.20952540 18779.74243397 24718.80658224 -31444.66232682 28243.35624705 24389.45696115 13849.64835461 31826.85179829 23546.04728963 14784.09709358 17983.10300455 31718.74924341 35213.69056435 29279.94135741 22997.96904904 22429.86620181 31252.23642127 27510.90431660 19351.96035270 21067.20938071 14478.78852660 27596.57683544 16349.61769970 19215.98730098 15595.58774505 14589.27987672 14612.02189534 11503.49470664 22307.10106392 14427.29881815 11876.12776981 12440.39098362 14841.66904418 12224.04780434 10349.24996884 12623.58756406 10717.01298945 8579.07321900 9310.05023965 6405.00374885 11313.58488194 10973.58491912 9939.44656209 7954.82322553 6891.73073734 9991.99322425 8963.89754899 7734.47587230 7679.18792407 7167.94415618 6742.79261613 7251.61707840 6692.18449145 5731.58296043 5854.34740486 5941.26288765 5499.81147223 5835.22790576 5277.39416664 4324.65599212 4100.36862396 4119.37054455 3977.17021977 4768.38806381 4263.17907337 3783.18723884 3669.37913803 3316.61967634 3583.02969235 3491.03360351 3021.26823936 3346.87708780 2799.59533894 2922.14605514 2606.92337301 2498.54347214 2612.13757159 2620.55468686 2339.29444048 2110.57718915 2169.82831444 2006.68978960 1845.42432230 1877.20365959 1755.81362431 1830.57473100 1594.12250794 1628.11450308 1546.90870527 1383.51106597 1428.86581557 1470.53382419 1273.47772488 1323.15234330 1249.61368988 1238.89203673 1156.47942446 1171.09747242 1066.27879338 1039.86781053 1079.52510330 1042.81131169 939.68624681 922.79921500 884.10555203 844.76908046 835.51670817 804.16254358 753.89862992 691.31784886 724.76354655 631.97628301 632.59960019 646.01164105 595.09295744 547.71818981 540.20853440 506.97098847 497.74316134 455.30791124 435.24802005 443.55369754 422.88052415 397.08832495 374.92754925 357.83850688 337.17243227 335.56507803 313.86265655 295.04918783 286.25422798 256.43963339 247.73950551 242.96765415 229.06004043 219.17061069 199.04882252 194.54572641 178.51982122 168.85506131 161.65521018 155.26666037 141.38349393 129.32455120 124.17431882 116.45072830 106.07572645 99.96450360 93.84008721 87.81368096 83.63662175 77.50495078 69.16275236 65.48670151 60.80385914 56.07993502 51.74991913 47.07048761 44.24514509 40.67547609 36.93083706 33.64087913 30.80928876 28.18043470 26.03790205 23.52864850
-601522.11666890 281694.09665259 -399331.76447805 -509357.27139689 29524.45571564 91247.21828354 12914210.81306490 186867.65945537 -170240.03620142 58172.03017209 152050.14090142 -150090.25468088 -74518.84528032 -8921.64670053 -92838.50531769 96578.24480126 -124108.05529728 73133.79882967 146684.49018696 -100192.41200101 140704.28202056 14187.34100159 41305.66991650 49323.14070904 -257.25188134 -1767.02507566 111685.50832707 28284.57381471 91324.86106285 46555.91565937 101145.17032193 16313.36329531 32830.23658584 38411.01215790 -10418.79385421 57520.61534184 -106493.72658066 1744.34679749 4505.96368315 17574.86197411 86279.42862664 -1978.08618575 10856.28771539 31392.17146143 20444.78447884 8454.81936057 -123095.64171773 21936.37612063 29736.91069696 32424.28185549 -7046.60397362 617.08344366 27068.50648275 8455.47039046 14059.55372432 10280.13462682 30080.42889143 12438.99426994 11784.59217494 18938.32744677 12528.47488003 8828.37184809 4967.77765018 22606.04590150 23101.34914704 15426.32427083 7153.69970864 -519.87995066 10610.25021259 5224.19479494 5639.59972261 4953.78851149 4788.07979939 8096.42480194 6881.15708604 -3408.06120352 8386.89913302 9545.53843873 5108.29885645 6177.18135777 4788.08265255 5645.10611983 10168.62667290 4574.26755467 3177.60949702 3888.39937030 4090.41130499 4803.80112823 1632.51643671 3907.28108821 2439.33921730 3042.28996530 1850.57515552 5410.76586707 2639.09033547 4638.47922954 3893.06662512 1783.44240822 2092.32834446 4393.99046086 2692.33538193 2743.48721934 2544.98485356 3305.22802145 1016.31776384 1804.03706978 2104.00544284 2141.09866664 2478.72340709 2020.82336006 2245.77101160 2281.30950366 1781.24722586 1517.82292768 1736.37133758 2134.11025922 1163.10801706 1326.12332408 1659.56233873 1355.96166780 1442.96188733 1250.01978941 1267.19560891 1143.78012635 1209.53560236 916.14270195 1293.98049298 968.83917307 1326.49155656 1079.10042841 980.04669410 989.82970723 860.09090433 939.38543302 830.82998198 821.39440610 770.43507765 656.40543176 704.70866720 713.65730399 742.67071274 706.53570314 728.61774579 575.52890942 603.58309961 610.60869978 485.70711447 491.43129116 542.64512708 512.89785891 500.38346665 444.19835509 482.53853741 455.99080357 367.68301097 389.03912187 354.36314559 366.77449808 314.09523939 334.65341481 276.71457241 314.08674771 281.09285801 280.07591632 260.99265972 239.90680216 236.99568883 219.64635221 207.87304927 210.80250540 184.42173314 190.48989061 181.56882569 179.71117259 168.60340917 159.24568495 148.87536148 134.96530061 138.61778180 133.80734000 126.14288963 111.17109647 105.95359426 95.32723155 92.59452444 86.55172898 85.58104094 77.17883078 67.81163519 64.91826176 62.43490047 60.11888837 51.82796699 51.79585403 46.40047157 45.77334487 40.19139520 39.02984440 36.84600980 36.19279636 32.47653255 30.66428001 28.99151843 26.99151677 23.91116267 22.70408318 20.07264176 19.64408941 18.02088099 17.75136273 15.61953591 13.67846600 12.31973370
780338.77429630 700767.50997867 220966.99043748 -115605.20413022 -265543.78803877 -75723.52224840 186867.65945537 4204325.57515063 66603.23733197 -143105.76075826 112948.71651010 164401.36832740 5072.04716608 63878.45195182 54686.01765144 -19013.46546158 52944.30400147 64294.86980197 65684.63565068 -18784.50118283 -49640.39623900 43193.52224930 7820.27366422 53897.16082368 25545.17695960 -15238.38671258 20304.09168663 95147.08106871 4891.47703802 24263.44527401 53295.20588621 27825.57769186 17940.90068759 5567.03565261 -310.64429279 38680.05999819 49401.73854954 34341.50473222 38609.86274329 23175.01523116 88405.94830204 18080.25277035 37174.91120225 -1504.81606479 49150.50158847 10715.47977434 31707.91653300 21599.98212960 9596.68159808 7867.41379551 22591.76555154 17730.45626823 12095.43690119 1350.28049288 10696.84591403 11984.37190177 23947.34493143 16956.03484833 518.13592151 8178.57475418 12709.90941282 10706.01080307 6110.49435434 6138.11850658 11532.93747037 9709.95587621 17518.87600807 7406.95223316 10011.23255704 7932.43061387 5366.68629229 7937.18127515 7275.30923345 9763.82553542 6134.46827451 9268.21225474 6620.59223134 4278.60149257 4213.24265784 5557.24377284 5823.18043154 5011.21156885 7984.42808404 6402.58029346 4907.26705176 4833.43000927 4346.69415384 5842.35811907 6174.18676243 4481.06973583 3540.51759492 4453.39923457 3702.80554285 4033.01704866 3190.76708620 3274.96026851 3773.48436554 3684.98237141 3190.41622940 3783.51507971 2761.55194687 3117.16468562 2846.82752327 2039.38546182 2085.94115203 2397.80445565 2418.72027113 1938.87173585 2457.91817081 2186.05170708 1868.39253811 2032.75879787 1844.22195431 1817.01571569 1945.89379538 1540.10479293 1770.46573432 1544.59473357 1481.36022319 1524.66539820 1259.19845027 1395.33555339 1457.96846955 1374.38344663 1103.98038445 1102.22324190 1025.24882998 1175.51747709 1053.82041422 983.05952028 1042.26270112 992.07293320 848.24347561 824.72540293 814.19785572 790.23462674 704.75217977 738.76824195 699.16726117 695.33692181 602.82975202 631.46022951 560.53397031 584.35838141 564.78760000 584.41904420 500.88345222 506.20074857 480.59206797 465.93119176 474.79737565 391.65073181 385.95674858 407.08495566 333.30229586 347.81709114 324.64763512 325.56502209 323.14400665 297.43970425 304.94002675 290.47098434 285.62811343 245.42467517 259.78607088 230.61499512 228.21848965 215.74128659 205.47106080 186.86576832 189.64326300 176.96946098 161.18340164 157.32824752 155.77293621 145.79503591 134.53727323 132.66322708 117.05386142 116.66247266 108.24695603 98.87989880 95.15563991 89.33222251 86.46276942 80.61893826 76.72956457 68.61850685 64.67019603 63.88845588 57.52582367 55.03941188 50.18757651 47.54979716 45.78749475 40.04379198 37.52832408 35.92115831 32.55928848 31.02655696 28.97544344 27.90770512 25.13555061 23.14757916 20.31167389 18.41862971 18.10516163 15.89861366 14.24478683 13.39837937 12.10014898 10.48441668 8.90681163
69688.63170157 891156.04412828 70795.50457522 -75682.41811173 49539.34449948 120854.04237038 -170240.03620142 66603.23733197 4479078.09479696 -1156.04332873 -76779.41979019 34797.72227787 -74770.56197781 -116921.66713005 46612.84704526 -23051.51502365 20634.75264967 -6173.61023652 -21325.99724950 5187.41212383 -30466.07284924 -30304.26554679 1646.70625886 -16746.13950246 1644.24406736 30055.78855259 -112201.85996008 31177.11252288 11194.53153974 12115.66834578 59964.53283778 -1032.34467276 10620.90700143 -23535.02441954 -62294.60879509 20921.71541315 6970.10678701 30002.45720183 -13151.77513995 -1741.08570058 -3038.80914914 29385.94663320 16019.32787497 8187.60980832 42144.46051740 28727.21740789 60392.02627427 21017.98348221 23967.91754259 9778.03142001 12078.44473676 13017.94736430 12213.90787902 19722.27883575 23484.80358973 1142.39513871 10980.88462911 5702.80804245 20229.56221236 7403.03488487 10243.40690073 2354.47741196 10416.52752981 8595.36601088 8785.30871551 2530.48807196 5636.09749166 5117.55161492 7390.20796405 4194.57318892 3383.51920404 5646.81175908 4167.90729516 8979.31160809 6616.97965549 5152.97700093 3229.58349748 6069.56635448 3943.96055414 6382.73165700 5871.50129473 5081.83872198 6611.32293009 4343.05633719 5519.47357025 5324.96684233 3222.13775957 5542.94526290 2708.18670108 3937.20988081 3315.21344993 2981.18867910 3263.53868283 3239.23605159 3015.57801671 3059.32073823 2502.80433695 2826.02244708 1981.30339983 2204.44349822 2113.26150540 2260.81425757 2242.74032648 2131.87026866 2351.05273425 1927.22670134 1445.00981702 2009.41995171 1715.35449236 1936.85023954 1388.81388027 1681.15561194 1408.08143218 1579.39345974 1554.69989313 1067.80343095 1620.15167462 1363.39178479 1273.26760349 1060.84605449 1087.63335119 1168.49335488 1165.01473032 1062.26153728 1077.16016251 905.02914380 983.43306641 791.61496145 834.36734944 758.49542549 907.71879205 840.61581339 856.62796351 691.92472030 645.85217924 597.09979880 700.90599698 645.89900052 644.07825091 560.88120422 625.84815347 549.71552282 535.28105526 496.79823344 490.94697034 456.30132072 482.92236220 431.30437784 442.41360093 421.03501580 362.36095062 375.08801353 332.05676109 335.85271336 334.72445215 312.36013735 306.89186967 290.95961398 260.10600881 277.16279148 248.35330220 248.92305522 234.26911653 207.01496615 206.98990986 191.40782495 192.92673019 175.37948951 159.33215744 160.62830153 143.17687692 139.94440790 142.22550417 123.49071497 120.71675514 116.95490582 102.14236933 102.04860044 89.25667196 86.73443303 87.92600216 79.81592782 73.66006237 68.23611838 66.16325469 58.84769434 56.78923827 55.30861779 48.96485758 44.98902449 42.40617022 40.41603874 39.87085940 36.60678870 34.79389728 31.17245493 29.68212245 26.62354076 24.72911274 24.59620018 22.04891313 19.01170328 17.79223198 17.08444936 16.01035621 15.17426474 13.32513758 12.30480177 10.79459166 11.12512880 8.76540060 8.75363732 7.84292316
114561.87362364 500301.94485966 288832.37713101 517558.95709259 277641.15888586 393907.29714033 58172.03017209 -143105.76075826 -1156.04332873 3225090.19331295 189193.57889568 -85383.46038803 32155.59015280 24915.26001337 25089.08139441 52565.12561319 -19856.71609177 100489.37819544 34347.52837846 93655.20038064 18388.97043416 36192.29785770 61039.57212183 34315.16007372 24276.02566906 -10485.44149478 4567.04135903 -19804.54971091 2856.08587794 35677.23737855 8244.37315001 -4943.47520205 -777.94157004 -13427.20222849 -7081.24927037 18853.34130609 13293.96076474 19847.08104447 23124.02758064 30969.50994046 37798.67500506 29143.97483647 9204.45510484 16064.97531502 9374.74488133 9573.87137181 3812.06734997 17514.26549058 24778.48987876 28446.82932615 4136.27668941 5807.39179742 -3810.97159408 8312.68924593 8972.45581701 7972.47795218 9013.45484359 6904.31148236 3868.53850055 14980.05156409 3482.93523545 8308.61679139 4080.11318359 9675.94902016 229.26538214 7092.21009492 4703.34168184 9726.90619715 5413.79013619 2288.66546839 6283.42675660 8841.02115582 8134.45227969 4034.51684844 3698.65606271 7503.59903549 1894.46363850 4875.94985004 4776.09847541 4210.85144429 3778.78293948 3850.04534798 3827.46144965 5053.65343815 5434.71742128 3280.22090252 3156.94722986 3324.54156796 3684.49964441 3462.63397088 2665.88919472 2570.93567162 2955.42601108 3827.27021587 3306.19376493 3161.99688003 2497.42831674 2385.10766801 2210.64727853 2593.39970283 2307.32977675 2988.80055114 2355.71453184 2191.55435125 1484.25959147 1641.12116946 1565.28527428 1643.16985408 2123.10068261 1365.21048734 1700.80115677 1615.62027305 1633.88996013 1359.83239646 1614.00835872 1339.56640121 1143.57524118 1086.21787637 1101.51840970 903.31544756 966.25865591 935.43043897 1075.24202744 890.55293448 958.37291633 809.84338350 787.85684248 662.34010229 773.07829068 702.60621940 719.68182818 722.01352587 681.26461539 605.52942377 563.49290149 623.56391439 571.81498196 550.40082154 470.46174992 442.70693576 437.98835574 445.55742710 451.44825544 411.42299925 411.24032311 406.12508116 412.32417395 400.60462116 366.91354960 346.83542731 338.89150024 316.75470403 289.23020864 289.95106781 242.80371149 253.10814016 253.20134276 229.86865903 233.19991707 223.27824791 214.92060003 205.13522536 194.17781314 183.58616142 176.84107851 158.86111319 152.27935018 154.67434697 144.02345389 136.53403550 132.03367560 123.47545377 114.16133999 109.55445388 108.19597875 101.36928525 99.63709054 92.35914102 82.90199093 84.34344684 73.26229159 75.30287398 68.76099021 66.73365464 60.56326640 54.24710342 55.94828730 48.05345926 46.03844021 45.35284567 41.63466942 39.49714285 36.38869217 33.97168490 29.67160902 29.82087499 27.25712408 24.41965335 24.13951203 22.25749970 18.60830045 18.77667415 17.42835337 15.78650131 14.32077140 13.54235949 12.29175721 10.78814854 10.00496730 9.14120243 8.82667106 7.77052274 7.71720435
-406249.91313026 407508.96835597 -161479.16900577 97764.56846167 205140.21549638 320322.68130677 152050.14090142 112948.71651010 -76779.41979019 189193.57889568 8488362.23295335 -198114.01308507 107704.87452007 213314.92311480 -64046.44440475 1539.98661400 11029.37400787 102580.61309402 -1037.43757469 155259.10580640 -81620.85071674 89944.63240509 -69273.93230197 66250.75681404 15381.93550355 -11520.79019675 38984.19893764 -20107.04272799 13082.78126991 44544.69096546 14002.32364914 -13284.35993042 38921.77702262 17346.88013576 -69161.07959182 -55278.38409969 -19927.87678135 113105.81041931 -766.94830961 55541.60841246 48357.13326956 -2087.86751601 -20786.42887880 -7085.19317199 55532.01324582 6967.10352176 -64558.96140158 -2589.48447360 10229.33611266 7182.32455278 -195.30980836 16015.29081554 -5438.65460034 35885.67106566 18502.35654725 11689.68254080 10255.99141791 5028.33329749 -88.59260111 11833.68180219 -2780.47938734 -907.51156362 7473.62710926 9046.81649600 6785.76492025 9660.69865049 9882.49637581 8721.93393513 4156.33441843 8570.22544215 7645.83309151 2415.56739571 5766.91201907 11314.55524751 5513.08632822 11412.64591414 4654.37273462 811.84275200 4348.25973690 5497.71335293 10383.03264972 6085.70245803 6635.37028162 3734.39396674 642.95948985 4225.07609571 4522.91848935 1910.82224502 3310.41318272 4951.63863698 2141.14806911 2495.76935233 3841.22148371 1281.53671594 4489.75386822 1806.38225524 3684.62978359 2647.23514487 2632.47477641 3061.52360402 2480.36254230 1730.15585219 2572.56484631 1993.58302630 1370.29138586 1688.51146996 1465.31100933 1597.12573969 1829.51220807 1641.23909623 2026.88728211 1329.64974105 1677.29541026 1412.31372166 1482.41494651 1232.37887695 1508.07542411 1095.08967821 1298.27014223 1273.69896299 942.27677703 1075.98861295 1062.45610355 692.56294020 803.55836217 844.80505825 1031.23611498 769.14784031 923.20336959 715.16731373 741.87005753 701.37812456 551.28343770 776.56609631 691.92143513 639.54008642 631.13202918 620.23242536 528.01891786 457.24872923 494.49439897 484.30368579 469.77782107 486.58091542 465.32736386 430.14056203 376.83645636 414.89510703 373.87424728 333.77815041 373.10713638 341.14029720 326.01282501 290.21275319 262.54439389 266.66341953 287.66320853 254.01218712 248.86585068 242.56402882 241.44902942 208.28393839 211.13193558 196.73940545 199.45972530 172.85292792 184.08062597 169.09608603 164.30565236 168.45025372 149.75655331 134.47553121 146.44088001 124.58130249 125.94473317 123.74368320 113.95403865 100.01160789 99.57990387 101.73797687 92.40125227 93.62343230 83.82850592 78.27588884 66.86184587 66.98061517 65.58567371 59.84846668 55.76250945 59.09271505 47.71651117 48.16753143 49.72259387 42.50775886 43.05169725 38.45624361 38.42071940 32.26217829 31.63840936 30.84493941 26.90183353 25.12421519 24.15760175 21.05396429 20.96013971 20.11318774 18.70000393 16.30654681 15.37098542 14.55272923 13.18659526 12.61355834 10.55806588
113726.28848650 79064.56046297 -179772.06468201 -16447.56266110 -167810.63186521 309394.88826179 -150090.25468088 164401.36832740 34797.72227787 -85383.46038803 -198114.01308507 2979563.23732127 -28756.42171539 -152264.05148884 -91867.92125868 -15381.52668148 39608.60349737 84513.26372071 62378.38163593 24810.36187712 -27428.98142987 24736.10806195 9730.39845759 11405.26496646 17051.77139809 56983.31900917 5058.37421799 26735.70394412 10043.37544593 -14596.94109631 -17188.21332279 41214.23101582 15486.34906700 17179.88378426 -20422.89147245 4435.36824024 25057.30721787 57233.71741664 21515.30152137 -2182.96513759 7677.75328457 7318.28425299 1962.41177706 -1721.32772451 4916.99093937 -3848.47189725 -46309.30368518 9373.52324698 625.79661180 6823.48446841 24858.16831541 9186.66666534 4367.60214231 591.92479442 2153.50425195 4749.54697673 15823.42353595 4649.96296264 5621.23744993 7479.46156922 5942.09927008 4671.16700201 2745.59004544 7709.76649184 9090.16447598 6446.89693981 1952.27488941 -421.54430053 2904.35162571 5578.78879501 5599.23364034 7634.60985095 1215.85937931 4997.79714498 4119.32497502 3446.66829368 5106.95232911 1720.21644492 2768.69267635 4390.75034976 5007.22078777 1884.00858474 588.99011891 2782.32132367 2972.14177053 2535.68860449 1691.80443916 4473.12791059 2104.96556246 1296.30579365 2005.95680455 2108.90879245 1548.86558362 1561.23405625 2870.25334305 2405.94717451 1991.51047484 1965.36097195 2067.58894231 1675.66595388 1821.17674908 1824.19372007 1148.25619491 1200.06935307 1877.91469744 1646.60417068 1138.08249634 1341.17978141 1344.38873425 1074.50992484 1053.63312302 1074.56635665 840.63128416 863.54902857 958.03491935 977.22200853 962.61179819 720.33672014 786.14775395 865.81659476 960.23062323 847.42217774 715.86268275 750.54195007 492.80903931 714.62179563 501.86545581 661.85739112 595.71225126 563.00637664 552.48902092 536.53176032 517.62548188 515.80646588 489.15828711 486.50075991 458.95163977 428.13945801 440.01704873 421.56323931 426.28289103 395.42525472 365.94184891 304.28879682 349.55228613 290.18250737 309.39908444 293.55700988 286.97803227 283.84119248 288.70426519 247.35248087 262.83039479 241.77334133 224.69700915 223.83735236 213.77123463 196.68614451 195.15635135 192.01119910 178.83639756 162.16970046 174.17090269 150.84940105 132.31725137 130.30759593 135.30180667 122.23062907 117.72753985 110.49528944 102.80050026 101.52041103 97.75922886 88.38035539 85.52991286 88.85203742 75.75065916 76.95825742 68.86017748 67.72211532 65.19338237 61.57334213 59.41825331 51.84538507 49.80796714 50.18328407 43.45615409 42.90355141 39.21700880 38.68779355 33.59797135 32.85951897 31.73852451 28.11724873 27.36046598 22.99744082 21.94938744 21.40402875 18.81564774 18.64630531 17.62865485 14.92113044 13.55418979 13.01801201 11.70741283 10.06962986 10.19656798 9.17553667 7.76539772 7.25870323 6.11821253 5.83393390 5.75166029
-231097.65211446 363305.08162441 228313.69956732 -469866.05428075 5876.72463638 -8810.91122508 -74518.84528032 5072.04716608 -74770.56197781 32155.59015280 107704.87452007 -28756.42171539 1181754.63078505 -51792.14779411 16253.29596182 53929.07334602 59970.11302106 -32107.45911079 8889.38020678 2556.40628841 23902.84025855 6488.29385743 38791.38499889 2339.28609371 12063.95832531 -5727.32202228 -20455.49090591 12695.31912015 14301.14569351 17926.61133362 11909.97809564 16910.62666334 28041.35226974 7127.82376765 16280.98277569 14518.12451714 13263.16137232 34581.20545249 6373.84144940 10615.44269381 6787.89496184 6823.00864121 14289.96706488 10739.31923296 14918.59919516 -2210.45926015 -562.33358097 3491.63621198 13638.77154932 9493.18137063 19381.95053846 6701.98147053 10010.85391310 1890.86872195 5827.77943594 4835.76698615 4555.09165861 3793.77056058 1076.98598590 4659.36515789 3705.67756735 3631.20553530 5945.30632822 3267.46572396 6914.85088981 5250.39630307 4816.19438298 3499.58993427 5097.87209253 2063.60710131 3941.47999155 3578.20850612 2757.59828525 1860.88837304 1672.14414086 3475.84497939 2468.58327608 1809.19766944 1247.56228211 3017.80963013 2845.37276369 3894.06372954 4054.49374166 2056.35691887 923.57378417 1152.14522240 1403.42344555 2679.45600998 1258.29459614 2051.80157976 3122.25123978 1959.83753963 1772.90913254 2542.87349180 1684.16646535 1183.06593148 1371.45103478 1651.33530155 1760.59931913 1107.25830755 1257.95102502 1100.03617461 980.64228306 1235.08171989 1397.21662877 889.09219872 1060.81453124 789.52714921 945.27022099 969.78639883 998.33255322 938.56050890 706.47376876 750.47265490 723.61663488 922.43682720 677.66444209 766.90295778 692.25038492 684.45575202 564.11527479 593.07218149 612.24434303 597.24137595 566.77911341 517.99974415 539.02772419 442.51077082 420.86062410 398.01416807 414.83487345 390.62592515 381.89664564 413.54020772 392.07433162 374.63632542 355.80888185 334.03565709 283.08001850 305.80714532 287.21083384 301.49571900 276.97746084 262.38115456 279.70314234 259.03482069 249.98675784 209.66605875 210.42802238 229.89943239 203.97153579 197.23979263 185.01635174 187.03375761 170.38228818 177.32469535 167.14139624 159.81987860 146.82656771 152.12181273 136.17441871 130.05026075 119.13470969 123.32019298 116.62378064 114.50488811 110.58425543 99.88552256 96.12761095 90.15119646 94.51612328 88.44636062 79.77788761 80.51791675 79.04910044 67.18055374 66.23152212 63.01114821 62.25810756 57.07695931 55.30892612 49.62076837 50.59293458 46.26592310 42.04678570 41.68901784 34.82355091 37.55999142 33.72525083 32.36808248 30.95258232 29.77462782 27.47517140 26.59907651 25.65684948 22.50715278 22.12336877 20.30774746 18.24492285 18.10725646 15.77823847 14.28762281 14.27693888 13.59130382 11.65630071 11.50737429 10.73695624 10.15180671 9.31206315 8.04536759 7.55032321 7.12042913 6.68315913
