208734250.92862812 1130776.40015483 507803.88544726 185814.03276511 -923035.79899188 1122589.11166254 -612759.64610405 625433.53154138 -31652.07819008 10392.50626985 -441952.10709306 24897.96087360 -266881.79239646 -436751.64767293 -448496.21493024 266533.53789983 117658.83174182 1039316.57808832 378263.36416547 -303926.65655567 440447.02437031 411734.50515593 519079.03655046 413296.36520093 146713.34418993 165712.84002318 -120168.74051903 318169.18723318 206211.31099270 169999.43466876 49894.49794665 -23477.66932821 253248.85743237 -34584.31889214 300487.09875208 263538.08063846 -47427.05321472 382864.53490170 323842.32763988 279709.77517630 253609.53336313 149142.30975222 199286.53781520 216493.37081711 29391.38689069 114925.74464060 561643.00708659 197341.77056173 107682.96301939 85165.46898832 99269.04019287 79564.88712883 208042.26434211 55203.66525837 115907.30608313 128540.42511236 118466.59575175 119553.21782797 63235.52010425 79715.45555185 83857.37858538 67061.47459101 100220.02473562 58987.46699464 71689.97496945 96872.94905335 114342.60529249 63357.83892585 68213.05572578 51702.65747369 77480.93893143 47969.38617764 98271.15123321 71710.15952702 54768.10170041 64347.39346101 52648.53139277 53141.35018529 60948.04930262 47923.47860805 58110.03221583 48723.12323240 43925.66609703 55881.59494910 41488.56735931 34758.26003338 40272.15837771 42723.19143947 37052.07963335 34579.69005555 25830.62052341 41307.37703780 29904.43946532 32772.86412346 32569.61830019 32607.37328134 23376.39183002 31320.23045407 28984.14667161 27718.43213509 23524.13582936 18748.23741053 19382.51452058 21859.55115520 19810.79343413 20516.62953836 22048.36684291 15883.09011866 18715.65036196 17391.04043112 15626.46377905 16038.74165225 15520.00669558 16341.99232604 16166.87133931 14121.10518561 13829.10720416 13433.12191239 13838.71105520 13544.31513068 12739.02948531 10608.00452856 12378.95460534 11545.02810017 9659.27994464 9997.56067772 9318.72386700 9431.04578299 9388.64419025 8724.48231781 8306.01521145 7752.73533043 7911.58841233 7451.63957397 7975.73586299 6481.40392403 6310.38291232 6612.99072049 6358.34495680 5861.61363624 5563.57974168 5666.94612404 5769.55070222 4986.83494477 5170.50914701 4906.55584575 4473.63596007 4223.29831986 4032.58207601 3937.77205514 3889.60643887 3766.89212658 3527.58595059 3607.64267850 3348.59509174 3062.02533309 2946.74576072 2952.57179208 2840.33441821 2612.24300391 2554.41473389 2322.60540257 2212.07597497 2190.87077899 2143.80302124 1985.48775841 1953.83869154 1839.03950027 1779.13419303 1619.01545614 1538.72049739 1485.29797964 1399.26624243 1299.16741505 1256.97441577 1171.57706951 1086.09021838 1069.42742529 1007.75556836 945.40049100 882.45114745 824.11001020 796.17869964 725.05067803 662.22861033 653.01663794 594.69913566 558.16330702 502.06100051 464.84105476 430.70796082 402.89198761 366.67288600 332.55203788 309.84406054 280.65857810 247.78981347 226.24146613 204.17277881 194.26422541 164.66494803 146.10648506 125.72244545 102.97063234 100.35800714 80.14404943 68.62739144 56.16521402 48.08060658 34.16034608 28.45022181 14.13831366 9.96071155
1130776.40015483 47397443.17353064 -841447.25624994 848768.94471203 136401.41208551 701352.07329942 207815.14320889 637269.81782335 808801.60452553 419435.74455870 319386.26128237 31349.05146307 289048.15193188 104504.24784277 201375.96188614 -60959.81984108 175163.30907136 449213.71821086 155322.80832855 33189.18337823 360614.68935333 32965.56688891 107443.27526440 67658.06305324 73231.78886614 123821.44616634 -175199.80567853 175237.69631964 -24773.05378904 95672.73804674 70437.58193457 58222.55130967 21974.02168101 -31729.51736367 189710.98070421 96200.60965154 126394.80271596 153257.45256775 62907.51135107 44152.31192628 117782.13821147 25470.80891636 62733.31349771 42690.21421724 120299.71345070 66080.62288699 12113.38667131 44044.58127869 101675.92795207 54674.85648695 140033.50877117 70411.21152520 100448.66320791 71281.88847893 49984.11643674 49116.18497784 65675.00431107 55330.71372087 63277.81606893 58541.92075071 51234.91827866 57600.29807231 42544.83417394 60538.31733528 47884.52930456 34487.75618471 51720.88047763 47540.88868631 29295.34498437 32175.25814686 38918.07650178 31136.80112663 40144.37552249 37767.41706940 30694.47026921 47656.98799721 22767.17073698 22547.34632402 34299.60968207 19821.19523605 23809.25036267 25082.84498795 25864.93279110 24345.00852199 20466.26257877 25905.32842361 19476.52809148 20478.70310876 12464.49748860 18695.68135932 16623.24580550 14081.53432528 12170.76898149 12580.60478804 13944.87713317 14907.72769495 14139.37663009 13159.02933213 11993.04516212 12692.56744377 11432.21413988 11286.02014064 11947.47742797 11146.76797786 12282.03174990 8673.84647881 10256.32494821 10324.31271635 6773.48545433 8021.16386939 8309.92050863 7747.28171887 7539.03518310 7623.26477424 8119.25447064 5919.16014325 6387.89001308 6635.36203137 6424.27897636 6056.95967589 5897.29370167 5418.46439672 5823.12918579 4816.60240552 4497.00055549 4863.94409140 4522.83293225 4582.09291571 4115.05181280 4232.06234274 4133.97495087 3849.07083128 3961.35122524 3382.93471725 3419.34217092 3282.28311433 3332.50422907 2744.62833693 3079.67277423 2720.35099235 2843.31064368 2499.79866521 2454.51672920 2456.24380658 2220.47942839 2254.71085777 2286.28997892 2080.18138710 1985.53900322 1950.31586359 1899.52564119 1780.99479702 1701.23817741 1632.49687048 1519.41822885 1561.58774625 1437.50044315 1395.22977289 1311.79836518 1278.58020688 1299.47257940 1185.95122281 1133.92601996 1099.44963707 1071.28757380 992.97266430 978.94012239 919.56939054 874.18309933 866.77925619 786.44251903 764.10386527 745.80398043 709.66915818 630.81352257 616.57854215 585.71441855 554.87475924 537.82067807 492.66933320 480.27602058 451.08552405 426.34217798 402.29292741 380.28909604 361.79494378 329.19472082 310.29894841 306.52426819 281.57320899 257.51394740 243.30796916 228.50684763 210.86648172 203.99645223 183.42493758 171.56060877 155.87584945 142.03642468 127.67615561 126.62829531 110.73047067 105.89142660 99.72527584 86.77687511 85.42800910 75.84066033 69.64941564 63.61554829 57.46373682 51.04123998 45.35287244 42.68873916
507803.88544726 -841447.25624994 49087817.02140001 -1862957.21888320 385310.11474201 -468251.77857028 -411270.43647671 193873.36358855 6408.45525426 240048.98656043 -167789.73601680 -197214.36532932 189154.19301314 -227673.20792223 425241.39958510 -24426.40465448 -331878.16669606 24697.84505475 96205.68862199 197923.31472384 210339.53308940 189774.91421234 254203.69825413 -61364.00825492 3689.98124964 65585.22592765 -64390.33180252 62070.79316012 146451.59724973 -49475.41176527 89448.61268180 63800.36198532 68076.68211171 -33576.57246877 148309.68598341 61768.95888536 26327.39893473 136073.35546692 -261.69890797 44465.24466214 77801.15410675 36860.08317295 16465.04343434 4774.80257504 57750.07287756 31794.12856212 -128502.29336607 36947.74612209 23163.24395408 11159.88324437 110350.60351525 50154.69683560 51090.94898385 -36425.65365026 -10250.13537384 26132.88674731 38019.01457227 26662.60237260 26814.43133358 10864.53797837 23553.96890327 17032.96903936 33488.65703677 34077.38377126 42310.73241766 24831.42394246 14296.68317293 15831.19323778 9356.13616785 6484.92846899 21731.78571609 22519.05586137 15442.96723416 -1270.18117536 22526.24874267 12833.09433035 20709.67923908 15700.53521511 9182.08771985 14789.35869135 19000.28894013 15041.22013606 10282.61882354 21054.14494019 14393.98750424 16439.25966471 10949.98456036 14204.79121983 9973.41781479 13250.82513591 15150.69737357 10054.19802599 9457.35330466 12235.40729183 8543.59118585 12230.86114578 7516.95697662 9423.66848847 9772.88228691 7221.22135726 7208.87339281 6828.80435316 6782.75693630 7123.46444139 5443.29754555 5426.11712192 7124.30728222 5125.38713405 5967.57849359 6674.38148787 4309.47689937 4099.77860482 4167.93481387 4149.29804502 5826.46807090 3131.03050454 3960.12700833 4140.77470412 4241.83264042 3742.05645990 3502.87391427 3222.71621812 3289.69662853 2258.48362317 3230.68283516 3150.61197399 2881.14288909 2486.45401015 2744.01286258 2724.47357924 2582.03118082 2536.42541968 2290.39978828 2091.23866562 1935.05594105 1939.89359133 2096.87981426 1666.51795546 1628.12109110 1717.22296270 1494.18460776 1556.28635808 1592.34761764 1515.09071125 1395.94312558 1321.67447774 1316.23745235 1183.14322148 1257.78381790 1124.75508361 1050.81038276 1109.40603743 1078.99346548 981.94026328 1061.74279483 978.06802551 922.50300830 841.79573652 803.20510918 787.28958141 745.67183185 684.58957753 725.98394714 656.87791979 660.85771444 593.44640398 606.39732560 599.76925801 532.95700062 524.20502114 520.08396508 488.21630042 492.59803922 482.44964007 433.92200306 415.32885070 394.66846206 361.19815434 373.44813800 339.93726420 341.76851749 299.90437844 295.05060631 284.63913637 262.56972667 248.29688782 227.25127335 224.54806162 213.24366901 201.13579291 186.28324991 179.59322168 172.74901173 159.52368702 143.23783428 138.06028466 127.18313573 116.96048788 115.57640368 108.24675636 99.80239231 92.43331069 91.07466556 82.77127590 79.44900541 70.54623642 67.84272343 62.67332685 55.17701918 53.75045365 49.99703616 44.06451509 41.78931023
185814.03276511 848768.94471203 -1862957.21888320 54960634.28561269 -466832.31653935 751803.91314547 -503684.51486905 -141285.39652813 -45565.23651758 479329.93804613 62568.08771341 -42007.29865282 -456237.19872511 483979.90818558 218554.14030406 258820.69410046 166571.91634716 46970.41974866 49736.21783643 163269.43465136 87741.62151318 -129905.85021487 112149.48768122 -35102.61715617 88509.43307490 110331.07948406 -57201.14387066 144998.88494769 64233.60075073 91631.60859961 164341.68748055 119151.32778916 97582.33967676 -41331.86609262 -8738.86503012 51337.04904780 136736.15094413 225789.10623206 30838.85278551 -50502.18180883 12052.49631341 86236.22705894 56112.14589233 -7404.51530138 60180.02901098 -25269.71528815 -21411.30604925 36233.21825881 54476.02575483 45931.84973680 13520.60989753 31462.89084697 5564.81272903 56838.82995578 35033.10086876 9497.08990674 18402.48079998 23208.02804662 17158.77479226 47304.57565286 23630.77849668 6539.86279005 6918.56671470 26641.72967057 -11023.99825846 24370.58634561 9797.56179898 31598.47282153 13520.10724152 16415.07475689 -9666.90038351 18528.22779973 18751.59126651 9449.65910492 15659.95662746 -1623.86467706 9199.66071164 5103.02566772 9374.24617076 7516.67571393 14561.74229578 2545.61054395 13703.95802967 13293.76461794 4522.10693533 8640.35295576 7317.43483745 4048.36008908 7784.61759773 8742.76244643 4216.46993630 6063.95510826 1595.67531273 7007.99732422 3159.59048903 7480.32112457 4376.59048987 3426.82210812 3136.44431353 2726.55014055 5033.08110327 6076.51794249 3702.36351328 4661.11961416 3812.72252862 1703.87389910 3108.98558286 2272.51726214 2213.92047117 2321.26518457 3351.86082740 2467.23109384 1441.89357792 3289.75587537 1419.70957467 1679.49585794 2128.68825689 1942.26312888 2138.50066504 2245.76544650 2139.34689681 1646.97851114 919.86089019 1742.14927529 1530.30453945 1788.86544223 1479.44825484 1301.27054270 1075.61299654 1050.40827053 1478.24669974 1566.05824111 1384.41173559 1035.00985276 1481.88660027 1171.26935960 956.63256203 975.84620149 1114.41702828 929.43739801 785.19027803 730.95237208 868.44692738 711.57578866 825.42332101 821.77450907 713.69917655 714.53489303 672.29231549 592.24259252 711.25162971 532.61199301 573.35530399 541.44967979 424.14093916 607.24953678 492.24653436 537.22757549 449.86347703 403.88880532 497.33874052 406.19747906 350.25065565 412.65224530 365.67489614 352.05067012 342.10949933 336.54547455 313.67276422 292.88064412 282.18067557 257.89176808 247.91923227 297.85496634 260.88602962 239.91512327 228.39582934 215.31888057 196.40342794 197.22047270 196.68195571 166.42107558 164.43836562 158.32953733 146.76758560 133.83595402 119.44349189 118.08731600 125.09534886 109.61779501 112.35250828 96.66487892 84.00163837 85.97242217 74.83249432 70.35344740 71.20429559 73.27325895 64.48107647 64.91691780 57.85340696 51.34097275 45.35956017 47.34025653 39.18577484 37.50047326 33.17342117 33.66016788 31.01741112 27.52697478 22.45173882 21.65492195 19.61632299
-923035.79899188 136401.41208551 385310.11474201 -466832.31653935 12086913.00001799 219195.84068765 -13894.37313354 -260400.97732858 12094.50800292 246320.92442472 188228.72697840 -180555.36328791 -1941.95888274 447109.36614844 48479.57780704 169653.14622453 137838.30664388 93430.73906652 -31043.26879835 210262.09404162 77634.51075606 27498.14739766 38686.23527362 111117.32577703 22018.29085821 38870.42849541 167123.11219237 99099.01929196 63654.45545726 43387.99193856 -14876.78279944 45409.05204791 31052.09471053 61048.52923607 60352.32477215 331.37000532 19792.26579001 28290.36364261 47857.87546257 24694.03296156 -22567.05564059 67976.57707930 22429.83208386 78144.90697992 9435.45435259 39382.25092485 65831.81381450 11956.21227292 54210.97796928 22760.95172376 43519.61215403 23221.35985838 32032.14727678 5848.98153735 8384.82066991 38195.55428610 35658.77138735 7434.23020174 10621.57737169 17708.95221117 10404.30480958 10749.15803519 10353.01263828 21602.03779212 12384.67358096 16686.65540172 8757.55402086 12553.33732833 15405.59781444 12494.63791353 9745.71792166 15284.96736477 10058.44555980 8468.36874372 13717.60385521 10925.06334952 9389.36496341 9910.58628548 12368.85645333 9196.91827408 6919.35851222 7417.93282657 11667.38053540 9992.92255823 7966.26521326 8640.63927102 8852.94859478 4776.40432363 7075.07686804 7071.47677885 5487.14779893 5599.67304144 5863.24361977 5215.66561813 5116.42837249 4998.01947755 5777.87784844 4039.65178401 4305.44486355 5157.31233250 4073.60873908 4396.34271644 3803.85586519 4751.80115324 4007.12065704 4173.24148836 3752.10075416 3187.43825262 3011.52726149 3526.57555965 3065.35188589 3362.97719283 2795.98314108 2322.25393253 2592.67188574 2300.19156632 1972.47545270 2394.27215138 2293.32592068 2219.41921680 1811.03739619 2116.78609589 1901.54975366 2027.73155197 1586.18984798 1608.88599490 1539.99076126 1684.04293499 1469.98568370 1439.91997202 1414.73970025 1482.61056182 1398.31327643 1270.05853296 1332.82588771 1274.36832883 1072.04943519 1067.43525601 1124.64683333 945.25239174 993.76977085 982.60588523 817.64479470 896.16832993 758.10819937 797.23519070 869.28809460 693.17278671 704.59898058 651.40489448 634.73959032 608.65074546 575.86610832 585.73202113 593.44626337 539.95452513 496.87613944 481.61853253 443.55234660 440.33215125 453.51753173 434.89509465 377.88194188 391.09841370 387.20424617 341.55125066 348.35817716 308.68797674 293.13639100 302.80462373 289.28838513 266.12980331 256.30961323 235.76640896 234.98294619 221.77500752 210.68657967 203.22819084 194.32047960 186.20541715 181.03079049 167.03345627 164.31700875 151.77804178 146.56302332 135.00530975 126.76145033 119.45108951 111.88608409 106.43161166 101.99867451 96.25244127 93.19073494 84.94473868 77.34227465 71.97261965 65.34313498 61.95850011 58.18589162 52.42632641 48.88214692 47.16939792 43.12761612 40.37688342 38.15695321 33.28533262 29.73751029 28.29801265 26.92452529 24.77518490 22.86786253 19.84142395 17.73515567
1122589.11166254 701352.07329942 -468251.77857028 751803.91314547 219195.84068765 9268091.39609384 69986.75157357 -88589.77715371 97386.89412906 360765.93644683 303022.71653793 281751.52570191 -24404.73043642 431894.15938487 200381.19131422 91291.20549081 -33749.94249807 146749.37126750 148299.32962681 142208.96999291 26961.52606082 -32303.97009405 83278.80703104 47310.61409337 84255.04148656 52071.33604062 -100772.77410895 -4912.34388057 95119.75780459 102242.67069250 27147.94750535 34703.28537127 36193.33651168 49326.29756538 40576.04132743 61643.99553926 74415.27266294 70995.51588829 56215.40561227 49661.77495221 69093.44589365 35838.77254684 -9219.55884053 4157.23772870 14674.39154817 44994.92913705 -23663.51068311 3671.49687279 13319.19424809 16625.37313880 -32216.99023012 21737.20091841 18304.77097087 8734.28456630 27194.20293478 16163.45501054 13463.70620740 12821.72953845 27236.55435846 28320.51215238 24954.56242059 19612.30389966 16726.81100251 26767.88550122 21037.53974830 14731.87796864 16356.39795656 11529.97112987 22653.39642518 12278.68055809 14939.19160602 12264.10757942 10869.43433794 11749.99116543 9224.71660764 18065.45581418 11323.99046179 9400.21902669 9641.99114891 11669.86946532 10010.55161739 8380.75625022 10748.04950845 8546.05904462 6390.33885566 7063.29382082 4589.51625281 8865.12346910 9168.57651974 7825.61142426 6056.38515325 5047.25145506 8057.05686804 6863.24019102 6146.70527158 6106.69666733 5278.52208837 5317.19333692 5583.54501593 4852.49304001 4254.00138503 4405.70388730 4419.02795050 4197.47074137 4647.02987889 4049.93899333 3318.28710442 3134.52458937 3074.00992222 2961.17434926 3518.71012496 3267.58743241 3054.49223570 2848.82250260 2485.38928719 2769.20169626 2649.83788736 2251.30878405 2495.79732643 2078.23746345 2268.29992736 1867.84129310 1861.51118182 2035.69030492 2050.11048969 1776.64729634 1659.30052769 1619.31289275 1547.12037240 1432.63973860 1382.88188530 1393.33513016 1462.11122742 1207.02845180 1261.27791067 1224.21611477 1023.96898637 1165.31298625 1156.90642118 1020.88365986 1017.60323303 1015.54901740 990.42451911 928.96484913 935.07074359 880.55008536 832.55260930 864.67861485 817.78597028 743.69612372 733.50831922 703.97222557 713.68332095 662.10218324 636.31300418 590.96683498 549.81086102 592.24491621 509.75429335 509.75975065 530.67255447 497.18562123 443.00154105 443.87425497 410.44267428 406.28484028 375.61755061 361.03784748 373.20661970 345.04715125 323.68652853 310.71897169 302.30097596 270.92471089 269.32606069 265.91742946 245.54021233 233.04195733 209.36658331 205.14092360 199.72096674 188.32100084 177.80868431 166.74126387 160.44510431 148.44635295 141.63955992 133.28072974 126.24174211 113.05095284 109.03969917 103.52654703 96.32071430 92.92339191 85.68741028 80.29896963 76.57447837 72.97300425 68.05304361 60.18720431 58.70714164 53.46708021 48.63563009 46.47495719 43.09307524 40.41419310 36.31943638 32.18716717 31.23849665 28.07547607 26.22682982 24.18955742 21.90420765
-612759.64610405 207815.14320889 -411270.43647671 -503684.51486905 -13894.37313354 69986.75157357 12330826.55286762 184092.32441824 -171152.62919818 61606.03318376 126968.78881552 -159921.18295366 -80580.49877410 -17133.17555308 -95069.28084630 81014.27167422 -136231.27392657 56971.89737175 136957.86913229 -102698.31706562 121532.04908838 9287.76119327 30240.83886799 42096.50152219 622.46329373 -6327.49191613 84525.50851436 29486.01406362 76167.05897665 35616.33829244 93570.31915567 14148.05426314 27308.83509914 29038.21422684 -16353.05784939 53828.56349573 -102375.00427856 -9094.19521280 363.20897472 9513.13122292 77500.27352074 -4527.33503118 10695.87811702 26155.05673242 16479.58722317 6585.33307401 -110098.94132677 18980.88457465 22594.95609258 30581.13779166 -12418.34368057 -3411.70253027 21526.77441688 5080.11117799 11245.70262089 7923.14534824 26732.94309749 9602.20587477 9034.39900997 13046.72895947 10915.72842497 6471.38237685 2756.20097319 18356.54349039 20664.78756052 11651.07379254 5856.67753484 -1840.86346640 9327.52360698 3578.71163746 3629.31562832 2872.85951856 3333.58992869 6887.60913644 5367.28917841 -3032.66610914 6061.51256301 8031.38946154 3186.18095957 4597.22260306 3019.01297692 4706.96653908 8757.63476590 3197.91452324 2341.59672798 3073.85972353 2864.34830672 2990.47523652 446.44372209 2319.67967150 1675.75103733 2113.59972406 1158.25153467 4395.87555015 1612.35999873 3558.42973166 2929.04894818 1337.03951318 1388.00665035 3527.49346168 1982.10351229 2100.19541806 1724.90635881 2618.04774009 618.59944113 1127.00353479 1619.72054521 1691.09348295 1640.88942110 1485.63754671 1641.41874719 1692.00054654 1390.35633824 1081.50332169 1353.69627285 1679.05571251 787.08471499 827.23660280 1248.82901826 895.82708659 1100.66688927 840.59419872 982.44947090 814.38790624 853.55369718 603.24878787 919.03839603 627.60839084 982.43406994 779.85837833 711.77510228 658.95888252 608.12551673 694.14219561 538.10577558 555.71205766 523.82956492 450.02562991 496.85799532 472.39446933 583.77728480 471.68060966 497.54406871 392.04100007 416.03635433 394.35415796 341.90575314 344.50546894 386.83665730 345.81258608 348.14356878 301.76511353 332.76028486 294.17716724 243.41285338 258.39732873 242.35452696 241.50564434 211.51032724 237.65178583 187.92715927 213.36141239 201.23525669 192.99703694 181.56477845 179.16404990 169.64161025 153.57243919 139.36881299 156.93703609 134.76470731 134.35503929 133.46678454 117.99236733 115.15637681 109.27445770 91.93690543 104.46112528 101.45187083 95.47972947 87.66441598 76.33015055 70.13303615 65.59372161 67.57138823 60.71302950 61.00693878 59.20978223 53.08789131 49.01595493 48.68813900 47.36059588 43.32549200 42.65903986 39.16400948 37.91752984 33.47976498 35.08766985 31.93423874 29.18500588 27.28244089 26.63652047 24.19694076 22.93190989 20.61342139 19.66829042 18.04368345 16.91044363 16.19956548 15.08861140 12.92995192 12.91742478 10.99054942
625433.53154138 637269.81782335 193873.36358855 -141285.39652813 -260400.97732858 -88589.77715371 184092.32441824 4005222.11736627 59840.54417450 -137843.50276313 100971.00519497 156762.23511387 -7172.38917486 42279.09357981 44511.03555771 -26932.51912181 42200.41649741 51237.77622059 54567.01019445 -22600.47590423 -50643.85555534 36253.13607760 4030.71558227 50145.03858022 18299.39300722 -19925.93743422 9422.09064692 83665.12078151 -54.08165193 15965.48739490 44901.41155968 24740.92656566 13179.10282564 2404.93521564 -2831.00910096 33843.59488459 41059.82671869 27685.28487954 31485.50916171 17069.65217494 83941.13430895 14442.35585538 32506.45193520 -3542.70482728 44334.50873431 7337.14948203 26224.75063608 17331.06582001 7393.46839039 4783.42554237 21029.59599783 14452.45428144 8991.81831000 -794.84885347 7560.20877348 8957.90650423 18009.94995103 13720.54536591 -781.99886437 5050.81393849 10181.72720435 7462.75893124 3673.18582229 4677.29310191 9636.06925039 7161.50905509 13961.60833537 5611.57111162 7502.20627799 6622.98876804 3124.59422931 5579.52073000 5520.54131768 7528.54830188 4215.23320622 7245.38623416 4828.43167557 3098.34467206 2975.65776585 3801.79666017 4873.26355641 4164.95081993 6342.22792269 5092.46853420 3807.16473317 3884.72981408 3120.61678211 4204.13704475 4910.96862699 3350.68661619 2303.83933589 3206.35035773 2827.58332475 3176.57456302 2161.69526938 2408.85476309 2723.59985811 2835.69460976 2385.76706595 2856.46000206 1906.52440144 2143.70853818 2097.73019454 1472.08944582 1433.75935285 1737.42849196 1855.83040099 1326.94610328 1855.14987406 1557.30122036 1332.62366735 1463.35698596 1354.23341235 1359.31967633 1442.97711464 1181.00424670 1341.33185408 1141.14034745 1059.23872196 1095.77714920 925.67685842 1049.90341469 1040.27053486 957.72265086 794.30931909 777.00041909 793.46038123 862.38392117 739.07354670 703.24526704 748.22956276 712.48207350 621.72299260 601.40473935 594.75801471 573.21619978 490.03711396 540.83316120 513.26267175 506.35732002 427.74894924 482.29551950 410.19070952 447.78986310 395.45919051 428.80890490 375.34628375 359.62320826 361.07547584 339.43234016 338.77223479 291.96141152 287.25579295 291.96911978 246.65417705 259.08345157 249.99652613 253.61602876 239.31809872 221.39344932 234.35783317 228.41522586 216.40186234 188.01580405 193.57641721 173.66008961 171.91593310 171.40798344 156.29190397 149.12886748 142.67629029 132.41374245 129.80273501 126.98169523 116.84305183 113.87153219 105.08858737 104.03745312 88.77583538 90.35197312 87.25670247 81.79190920 74.59061929 72.50930900 69.18981034 62.75101612 60.38730490 55.97180355 54.30722164 51.07206297 47.11143776 47.02018599 42.15721616 41.99375055 38.86649481 34.04784581 32.73267895 30.30515585 26.80268756 28.10803634 24.84922803 22.47872220 22.00673387 20.24835137 17.62763549 17.63456880 15.47702047 14.06616587 13.24488470 11.59298842 10.45110329 9.54902616 8.22085807
-31652.07819008 808801.60452553 6408.45525426 -45565.23651758 12094.50800292 97386.89412906 -171152.62919818 59840.54417450 4250069.66160479 -5476.71442772 -70870.46030081 24488.45949607 -69642.48531056 -116007.04180104 32129.96211774 -24800.24967748 17247.57218957 -8420.19754635 -23319.53457952 4638.83049314 -31435.00959729 -32377.76255265 -3596.61015970 -20418.48878738 1487.68690398 21214.12535872 -103562.75629689 21540.80766860 8781.69820097 9805.02001778 52108.49599752 -2060.28912485 7867.69770439 -22856.54428435 -56972.91727214 15958.95326689 4776.29998319 23109.28662216 -12351.39482035 -3554.14483010 -3638.67379519 24570.44190082 13866.62471827 6036.58622759 36614.48504219 24091.13761310 49823.93850625 17336.69310968 22000.50876721 6375.29948023 8978.36467125 10673.83576851 8746.45351014 16089.60007741 19467.04607676 -513.26512059 9514.52342493 4146.13801123 15488.72793704 4771.77026528 9143.51618970 986.66753877 7536.52715357 6603.58132160 6630.50179146 908.43509056 4587.20450517 2923.58421192 6275.05905092 3624.57754355 2272.42291778 3954.46718331 2521.98384807 7003.53168751 4991.40734476 4341.72199136 2423.54183933 4728.17181678 2966.00263805 5390.51293277 4988.99730013 3878.95298500 5337.78918943 3324.12957713 4512.51638052 4015.94303795 2542.09899072 4436.28520641 1895.74806744 2875.73004277 2348.89447708 2236.10970241 2609.87374994 2419.36021748 2460.93026035 2377.30116943 1831.70472747 2091.64428680 1436.24196527 1577.42829555 1433.88301658 1469.25318322 1776.08386671 1702.52342607 1973.89510526 1528.31437802 903.47601990 1502.89841834 1300.07251151 1569.33311404 1017.44415274 1276.01763099 1099.61631111 1262.67003901 1110.01235254 790.78570547 1294.18400770 1039.16172026 980.40302754 774.52104597 783.30695109 911.79885659 865.92691228 860.61838116 802.03802619 691.85441581 739.56384300 628.92302417 623.39405683 568.40445385 694.88153733 682.22838734 639.63850274 511.69599672 508.01134070 438.86813814 539.08586479 511.83480624 488.71693313 427.22075303 491.81731182 426.12994110 402.29678974 370.23986750 367.17180993 355.17901389 380.15336271 310.71686483 325.19873793 329.72998780 270.90068132 285.25498888 250.61301639 263.90672415 265.45820194 236.39351169 225.73544132 233.75425069 197.21801506 213.01322808 187.28734454 194.66056243 172.63894312 168.48648601 168.32155983 148.63526637 150.66958918 136.77555238 126.54676641 125.79358203 113.76782574 115.14524731 117.37008451 104.41890892 97.94659670 95.48266866 90.19063751 86.79788097 77.90597207 76.33793051 76.56357624 69.11776498 69.44456559 65.10117488 61.90655870 56.01593057 54.63276705 49.53089418 45.45049468 44.40676036 43.49445586 41.71365768 41.08092068 38.00404420 34.33194389 31.21624133 30.53025141 26.24375462 25.20878591 23.47487344 22.54972298 20.39387748 18.97788559 17.57261920 16.71345478 15.59168625 13.83988670 12.21209177 10.93352794 10.76942127 9.80696923 8.66675863 8.57469425
10392.50626985 419435.74455870 240048.98656043 479329.93804613 246320.92442472 360765.93644683 61606.03318376 -137843.50276313 -5476.71442772 3045179.64768624 177680.64427557 -89416.54118413 24277.48105248 27141.40134591 16025.69343807 42170.94725648 -28203.99142939 91305.64299635 26203.24962825 82067.50554437 11653.11535823 30347.75209569 51148.06318967 25884.00212354 21180.46347333 -16342.70327646 1731.96455340 -23558.76677645 -2118.18020141 29671.88258981 2203.39380435 -8370.69923186 -1257.04521759 -15530.31721760 -6110.68227994 17283.00128459 9743.96078756 11677.78541657 19514.41766704 26632.37292870 31663.02210438 23882.87662014 8236.01735899 11677.42282052 6128.42607410 6578.90394960 2435.44163148 14015.22004028 20896.90731676 23261.19940131 -1001.91356352 2991.52234241 -5212.03063445 4375.26133181 6590.44068154 5762.62135857 6795.96133122 4304.43163450 1405.04519286 11979.44961508 1944.31647260 6199.05111592 2512.23014756 8472.29431455 -828.93706802 4925.34556704 3222.78473235 7783.22874852 3810.29928840 1066.59424569 4526.08738667 7319.34274214 5980.08986143 2785.73061517 2753.22727904 5620.80327261 874.43830033 4048.74923185 4013.85801985 3238.03151379 3067.19738262 2961.49089195 2492.33576571 4087.40827827 4141.36200719 2243.07572995 2364.33497270 2427.00829812 3086.44871267 2387.24978286 1926.73416240 2012.72947256 2309.42930159 3027.94540827 2589.27483153 2492.13853617 1799.58367777 1752.48812331 1471.03631787 1891.00723566 1527.20728363 2349.20159410 1616.53932815 1580.13324894 1001.46253180 1133.81785497 1021.12581205 1259.56056680 1620.79795029 914.78118525 1196.67016926 1171.04428913 1267.31692014 952.81050664 1165.72214498 955.56286177 774.47488390 711.82656084 796.59205717 609.24826862 675.96958614 644.09373589 805.95757597 612.82623381 685.54485956 578.99612060 529.56374593 475.99516327 543.67855124 498.51205955 532.27687009 530.45763075 486.65164311 438.67384810 414.28807603 441.17426774 405.09047007 394.37431166 336.23051710 336.76540251 309.68910117 337.58197256 349.05757991 298.99555977 312.46479820 318.89106578 307.50165917 297.65925618 273.43073287 257.78999461 255.23292233 242.71689810 205.58295075 203.70003725 192.20148847 189.94035800 181.06331654 174.70410734 179.16061395 171.26652129 159.33876873 157.64622583 152.54265180 150.59008503 142.02089363 126.81695190 124.40872346 133.22001387 118.04182862 121.95125787 107.46246219 106.36944601 95.77519931 94.29410285 87.32417438 87.74929578 87.50404256 79.60099599 74.83779556 78.25015037 66.52124822 67.49678855 62.17959064 58.69226746 54.18119883 48.87615898 50.26218357 44.68446311 42.48825147 40.32899526 39.02817968 36.64316635 33.80452818 30.61829872 29.77247481 28.58271103 25.94539577 25.07100880 23.54642456 21.77709635 18.85749989 18.60972055 17.56254287 16.88419484 15.51652533 13.41450790 13.50463757 11.68976496 10.73919416 10.79472087 8.72033647 8.27232285 7.66240089
-441952.10709306 319386.26128237 -167789.73601680 62568.08771341 188228.72697840 303022.71653793 126968.78881552 100971.00519497 -70870.46030081 177680.64427557 8037631.26128068 -191673.68655356 89997.19905001 201477.10328903 -66679.26000461 955.25172109 3061.32668946 91462.78150513 -6917.02628041 140803.94037693 -80691.15752359 83174.86984621 -69036.06934717 58637.76586467 10542.95400046 -11425.04595319 47001.90499436 -19319.22747776 9604.79308271 36802.28072015 10885.34889616 -11718.04585988 32510.13852128 16701.45079805 -68125.22106055 -54684.58981053 -22856.89568417 97480.07500793 -4839.81097929 51439.99406619 45523.70107064 -3087.27602808 -20100.77427264 -8898.92830688 46748.96192248 6061.46443391 -63953.79320831 -2804.36744235 6730.68664629 6845.73191723 -307.05027496 12572.56544056 -7553.42212525 32302.92877366 16718.64338134 9818.28080775 6558.75348480 4344.21108658 -2183.80913959 10360.97579702 -2936.66568825 -1881.96865787 5871.10346197 6934.99599279 6554.50049311 7733.87651020 8899.80737478 6264.99223707 3640.55729583 6956.48430081 6195.19761927 1853.23829851 4591.48529800 9085.88855313 4377.99921430 8489.27268221 3736.05803390 730.61032883 3570.76678043 4659.75544372 9066.69043239 5223.09762373 5322.50370223 2417.82790162 679.65990223 3146.30700385 3435.67315421 1614.40279644 2437.00450207 3975.01452004 1267.41897930 1658.02885325 3054.27848068 1076.46086061 3724.05878143 1221.81635654 2688.93235120 2050.69069636 1980.53641703 2271.22884716 1834.32276392 1045.04600710 2026.46143945 1641.39464759 781.48455877 1260.38573764 1303.88715423 1208.96413899 1411.11070501 1161.59845943 1590.90098325 1039.99816734 1210.59366855 974.52283298 1130.89769297 814.91597094 1129.93469838 815.25766070 937.73702713 873.40672487 669.32187020 732.18278380 821.99806190 456.12375691 597.98530654 698.27584637 752.37379121 519.81354668 647.26754093 498.75881869 483.35106429 496.52028757 444.96967808 551.79214840 503.57546900 452.28040180 430.22591574 465.23808443 344.71815271 315.54150383 347.60475775 354.96752268 335.43551827 351.37648482 327.89552032 317.65598073 283.22955962 300.42946109 266.93967744 237.04389398 258.00908652 258.55411173 244.53940578 207.27796485 203.09916894 209.55792227 223.18446183 197.92511556 182.10367063 181.47469449 176.18705728 174.02750282 155.24633887 153.35063264 151.33527022 129.01113629 146.40037669 129.22352102 121.89726151 128.60291793 112.91092438 96.21310824 106.33276365 92.49023750 93.71397286 98.93242108 86.61791249 78.15467864 72.56174411 76.59662486 71.07111756 72.27642202 58.26772390 54.04129715 49.51055702 52.39765300 50.78223813 46.26520104 43.77145779 40.22619928 39.33108511 38.06472514 34.73405971 31.02356645 31.02140668 26.71967727 27.87144534 23.30219992 21.57917395 22.01849538 20.73788518 18.17058183 17.51413973 17.01260020 15.06050015 14.06149847 12.98224057 11.81647596 11.20491621 9.70544252 8.88947538 8.78265959 7.58261945
24897.96087360 31349.05146307 -197214.36532932 -42007.29865282 -180555.36328791 281751.52570191 -159921.18295366 156762.23511387 24488.45949607 -89416.54118413 -191673.68655356 2825156.92059841 -32227.21428673 -149879.50329785 -90928.96878647 -20316.94504487 32551.44272046 71930.31187125 54254.05332768 16528.90622078 -26877.32413312 18595.41825364 5936.37691739 8521.54352315 15896.29921286 51550.15100534 1311.35147410 21924.59612420 5009.40433805 -16435.57164785 -20042.56753902 35870.85261549 10670.99612883 11545.15840769 -20158.03125460 491.48822198 18847.02353749 49786.77411128 14721.99134639 -5178.66757310 3659.41236346 3586.39152017 1754.87356730 -4551.86367467 2465.24560675 -6772.63696101 -41679.01222271 7849.53633051 -1051.05461223 5740.89719859 21953.68978027 6864.23765482 2015.10315461 -488.62406738 331.98139883 1912.76954166 11917.46017744 3841.31934871 4359.45548695 4964.35644942 4503.44709246 3475.70552353 1819.86767390 6952.16344022 7520.11372521 4913.16858290 1111.27519857 -1228.18900007 1890.34501748 4687.18065213 4683.20666438 5834.20163600 543.43392249 4221.65936039 3324.11592128 1983.57814363 4104.64471758 683.45988601 2005.78368675 3325.92901670 3997.64989330 1255.37187327 194.01991679 1807.89834293 2445.84798192 1531.26283305 1010.26861586 3651.20130224 1239.12573809 661.08237763 1466.13922778 1529.74554054 1053.65644733 1204.16787438 2249.45116090 1699.98450445 1377.93733269 1568.66166155 1577.79538996 1144.86549186 1415.25923135 1426.78123884 656.72829247 816.26720863 1556.59534647 1220.61104966 855.97686424 972.69227960 1003.03608764 741.42233281 761.34950012 709.69175933 568.05302698 647.32664222 754.01397426 752.41422047 752.30555006 527.42956707 594.48504825 669.77521560 680.61402643 642.67546586 514.20298809 594.00440327 327.16575448 519.81553043 367.04145212 525.98852445 445.50257061 412.39682047 420.90247090 394.88076948 405.78593323 396.61957949 338.80440312 357.07149443 351.44454925 341.26846196 320.64460151 320.05925633 304.53186572 279.92582223 257.65470288 220.21877040 245.63273492 235.17979438 211.41650473 193.16309197 224.99867397 215.08948734 218.87580219 183.78733373 204.64735635 181.02703163 164.09116621 161.45700555 148.65301663 139.29142714 143.14383290 136.20651182 138.39893942 119.95043605 126.51549338 109.71270129 103.43734133 98.71518340 98.07662743 87.20101698 91.66186878 88.20414619 85.16938982 77.71841151 75.32914975 70.26437479 64.87660063 68.86508894 60.56911352 60.19073134 52.63222276 53.80390726 47.89628969 48.52118318 43.64192007 41.19845321 37.45295646 38.09582028 35.36268033 33.72715328 30.43225959 29.35850069 25.64861932 26.03633336 25.54547582 21.92218022 21.73334038 18.07198130 18.31734088 17.73266549 15.30558371 16.00035614 13.88257475 12.61957227 11.48870815 10.97567978 9.56793988 8.82134882 8.73447073 7.35185713 7.55406181 6.87476039 6.48493889 5.95573142 6.29223253
-266881.79239646 289048.15193188 189154.19301314 -456237.19872511 -1941.95888274 -24404.73043642 -80580.49877410 -7172.38917486 -69642.48531056 24277.48105248 89997.19905001 -32227.21428673 1117353.98181458 -52874.94039801 14579.90078538 48271.06871734 51371.05790067 -34152.55546640 5142.77302778 -116.20824364 21106.60223355 661.88173370 33431.56623524 -1543.26594366 8805.92906123 -7073.30112648 -20353.14378431 9744.44250731 11611.38848109 12171.14138460 10146.69821244 14269.23396237 24615.68153816 3858.44905329 12885.85824044 12353.94877990 10494.90425628 29649.71519308 3862.84709981 8598.47977703 1993.54575918 5512.77703546 11101.59062912 8496.77895682 11540.62274346 -3301.12995601 -4574.39470244 1737.69164260 11253.70605668 7552.89308636 16583.48779682 5021.54776775 8036.13766932 218.07023548 4828.23700624 3428.37003643 2461.16071350 1861.97129205 64.16691454 3593.11216898 2700.35298453 2489.53246024 4783.29391216 2192.66191372 5954.52818845 4442.57281163 3562.18323232 2400.53999424 4194.68447999 1142.86845681 3056.13165272 2725.33685305 2136.91905990 910.31115424 825.03364257 2590.04961873 1816.23825794 1226.74551460 771.24296445 2706.97954205 2016.01673963 3225.62221383 3036.62562688 1360.98188769 371.29993260 688.57335167 876.83733378 2152.29959968 827.59539441 1373.13656121 2518.74331031 1432.21603955 1362.31660930 1877.68284226 1257.42013489 816.20208225 1014.13360396 1191.42701098 1291.76766424 723.01258195 821.84071520 651.04444679 653.01186410 798.91731132 1020.60270257 594.00723287 817.31047415 561.31806972 664.92718332 645.98809219 743.31913637 758.50588925 474.43611694 551.16931140 510.41248107 680.50405792 470.24270344 570.30078571 515.89872322 508.91544407 371.60233766 413.74733782 426.45145861 392.00189561 416.70398614 346.18716683 371.97943054 322.20522283 271.43718101 256.62822749 286.83037359 289.20290194 260.60826151 288.04625542 286.72318616 260.33266850 250.60417335 233.77281422 199.89168837 219.16786123 208.90872234 211.19837343 205.81612608 188.18835659 189.09474785 174.48843744 178.20958265 149.02315141 147.81346820 167.85790675 142.82402975 138.02734590 131.90223957 128.77167835 120.34261043 125.75907254 125.45269643 115.28607368 103.75735099 107.98639105 99.25857800 94.73787344 85.22703034 86.13502864 88.08812284 86.08200301 80.15755603 73.34012087 69.95028292 66.20426550 68.40810877 63.49011008 60.01697917 56.18672663 58.43198131 47.95932309 50.22914517 47.27470029 47.66308970 43.11358574 41.86277948 36.76579307 38.06380944 35.38416104 32.69123342 33.63295996 29.00629612 31.27597164 28.14113541 26.96179691 25.33694400 23.88243433 22.72149567 21.33257191 20.09800352 17.88340716 18.31595925 15.57755585 14.70924145 13.91907939 13.32749045 12.01245976 11.37826806 10.49239783 10.04246364 9.10236663 8.73797190 8.26421448 7.36680603 6.97745961 6.14369575 5.75471450 5.40214901
