236191633.28052327 1789309.08559463 831405.05375165 1375573.54122128 -747291.21894351 1465861.05226865 -519068.39407663 1183644.51287841 377894.06505290 418302.95579424 -299192.11477352 350566.22685629 -125260.22044532 -480307.39719911 -297748.79691251 439235.23839309 166783.13909387 1449913.02846273 569554.84039832 -145191.16858084 735766.24093614 571309.75262448 681186.24210602 654628.47795500 328418.68892823 297843.48586319 36139.82893655 545029.62224152 273016.51915670 281172.35194553 231446.39362743 96801.81056743 359842.10951686 57194.10287360 485661.17229187 381771.30847627 24782.78076645 716206.57712460 437295.23974771 439424.91802337 455695.37529649 283016.86043669 279456.04161330 393923.86366263 100285.87575141 224572.95241787 796516.81202001 332001.70727852 167572.68810520 158019.38713230 180841.49018630 129692.17217039 272978.17393820 117809.44922620 176535.83280041 181955.93896272 178098.61168375 158090.84534092 122582.44287377 159484.82294243 135548.16390764 113014.43171268 168744.85222533 146729.78292380 101120.56830605 159863.58979062 195803.56084082 99944.01795518 119133.46955481 86703.29176046 112501.21113404 91553.75947253 135946.49691163 114507.76962805 90303.13539895 114301.33362147 67274.61983148 97953.37906547 100762.87366505 77869.05621905 100551.79795651 90969.02912661 71709.49332540 91533.79250658 62945.70467726 67270.27832063 71071.08230569 71234.09956093 61901.93280119 60802.15743445 52943.09369412 68939.35016763 57513.85635468 64723.95078971 58128.62748843 52621.21165490 41283.49678903 49454.93366216 53441.63001112 51681.58161197 45917.33828465 36868.14024374 41514.84978121 36367.87025921 33250.37887656 39338.43347922 38493.42932659 29244.31671800 32831.72434824 29938.96757598 26253.50761847 29623.96307301 26443.71656149 27065.24462473 26902.51797025 23208.23493297 23421.46302258 19379.91755072 19427.67595780 22548.94755700 21205.31611369 18196.39186130 20711.13937348 17433.72355885 17437.92614756 15835.44402064 16065.68920495 15316.89876227 16007.24093080 13443.90399395 13839.62293905 11169.30643264 12192.52644448 11302.53179776 12393.99237213 10493.40335239 11493.32356197 9854.54716149 9652.75525235 8526.29462251 8324.31228259 8317.71314695 8317.63310766 7634.85425771 7381.33269969 7206.14608640 6347.55660322 6136.37480055 5450.35147728 5544.22863967 5011.61408397 5041.43162244 4760.07018306 4488.23209155 4210.44617705 4217.74693932 3814.55061362 3785.48747213 3605.15039563 3204.92097270 3144.99294664 2686.23086000 2590.75611297 2459.92766544 2269.03938503 2038.97403462 2041.62210897 1746.97006294 1647.21494136 1467.14710066 1434.99385207 1431.85255447 1191.05220743 1021.39446114 1017.85442208 984.29426141 880.28727719 754.41596182 642.69412793 592.25086923 496.15891718 429.89845223 369.17070517 347.30873820 285.01822345 198.23271304 198.61589683 134.28619029 46.43302349 58.08132012 54.28820003 19.40906243 -1.28967283 -37.99404480 -62.26238970 -60.22927530 -105.91355418 -102.54092598 -106.42456941 -126.25673777 -128.50768649 -135.39051888 -137.34322870 -148.08820490 -138.57343448 -147.94553814 -142.75340576 -136.27481157 -144.00953439 -134.53708738 -133.56989581 -129.56966092 -129.08064361
1789309.08559463 53546924.89068085 -793677.07381066 1190262.87702633 332145.00035786 946922.87839906 486354.07717723 850679.56995116 1079643.93212375 704503.90996339 635865.72143567 219267.13466023 555818.35234182 413338.22833083 344880.14880581 10004.20629620 294041.03502008 649640.71787764 297894.98485135 168380.68728775 581750.44853698 129775.24600530 257219.56659103 172053.23724897 176138.21065119 287661.53112629 -145833.36174525 276313.01059858 59966.87704670 175104.77911551 91172.95128422 128655.67653739 97360.39654218 36099.39292580 280653.76844499 179493.81679215 218187.49834312 208819.88842403 144019.74972184 122926.20032964 195287.70407429 87870.44724621 113678.61103241 105950.43186008 162210.07228251 125934.01970791 96202.54680852 99826.46390720 148747.14743768 83115.88567659 214808.00960141 137208.92897323 161257.59804815 113375.36874279 83162.89520900 85382.80767030 125094.08479519 95680.73700698 107217.40578735 106874.75555527 89285.81677105 101829.27297113 78612.42175642 99588.49418785 93847.01407771 75764.97892763 97676.00500800 67724.51397427 55735.54812298 70457.55419897 73438.02056662 64197.68577172 76825.92411765 64048.42718653 62249.44598481 71762.63244930 51262.09178664 54884.03792038 64168.46905599 45006.32155376 49052.80514296 51256.92402899 54645.03238554 48012.72160605 43811.70902611 52787.44304665 39656.75635510 42645.44233704 34884.22832802 40050.82629235 36234.21117071 30739.32363712 31573.48726059 28758.20495110 30397.48826505 30874.59341834 29525.47023329 27298.76496012 27052.06467907 26274.99448656 25949.41796025 25598.05677978 24930.36111447 23844.85771466 22869.16579502 19935.59821646 21157.86980545 22309.24677355 18101.15350349 18338.00239233 18555.69408058 17213.14030697 16274.59766734 16910.44580742 16423.86184970 14715.31058049 13938.20796746 13028.26017991 13424.06773152 12623.24328188 12553.70945888 11308.77557412 12381.36280415 10544.64002355 9861.12355479 10527.74927443 9391.45439128 9396.77459331 9348.49504842 8715.27341239 8518.30561738 8380.98882426 8366.68259478 7472.82875169 7419.92256297 7254.50162202 7269.81008883 6441.77118932 6013.37360689 5954.61107266 5871.83614408 5065.40958477 5096.73915521 5222.97434798 4631.74520194 4434.82494160 4258.79219459 4145.78168028 3823.43091433 3941.91772114 3873.87807522 3533.78656631 3238.11992305 3270.11685673 2918.40053293 2876.92514584 2624.75621268 2597.29474700 2383.49991762 2305.23399063 2171.87047813 2078.05146800 2035.86901944 1988.44633715 1784.36159022 1739.58416694 1614.28458667 1506.83016541 1450.61959700 1341.27918758 1330.37177512 1172.11606591 1126.35284196 1061.34865750 982.88903067 960.49594307 902.92574865 803.83695039 744.31142203 717.16416572 649.57866106 589.79194013 568.36341115 514.98744179 490.75921281 448.63831765 388.41810166 362.50605578 348.63961395 323.23034697 289.73678701 265.68892427 234.64037648 228.37983266 210.53212818 190.96450274 162.29150501 152.80431494 144.77993614 133.93853402 120.44103420 101.53930568 93.04979416 84.00783299 73.70024356 65.56073651 59.44707958 54.85204571 48.06356087 43.07269350 39.76395096 30.96564776 29.74875789
831405.05375165 -793677.07381066 55739216.76659605 -2260542.79605561 519176.27833926 -281587.00573937 -340400.57597185 291596.66377252 243067.53901338 413177.29114948 -113757.23335064 -114177.53220997 333799.00650532 -239999.89821937 610353.69204465 59366.98863969 -307597.22668080 2201.57604329 153640.73682198 335676.77795567 270195.73259704 302914.48134944 343943.04933132 -88490.12188426 92390.44229866 130807.92605364 -39018.29272190 148338.55488735 215559.38698061 -48093.63168936 129112.94946170 76968.78673575 106561.51412444 12044.66728975 219733.12001955 109394.06507974 43019.59706149 156373.27400660 67644.63539330 92927.59378488 142640.07951135 67118.26281153 71332.67061162 12856.90361955 99628.66345431 89349.04856902 -95158.65436096 59793.30604073 43626.47445044 32355.79402734 166044.94823010 97949.53463072 84356.63070100 -8968.87307805 1976.09468877 43007.07635311 72590.63279156 48830.43855657 66618.11696411 33335.22134772 50815.66440829 44462.52309456 65152.93966038 63036.55538175 58120.61143205 50006.32756384 51551.20873629 45495.76254795 25410.16242202 23119.00956199 39741.27572061 36135.38130989 34766.33780407 15303.75628210 39824.78570163 25971.67701246 33429.39208019 27922.47910080 22592.30077253 31427.23388812 29348.71724214 27576.19136751 16335.07245515 33127.82759631 22465.34713534 25594.92613177 22462.58548899 24725.08243575 15968.49095173 28770.13911798 28901.55207426 16151.98779327 16665.66633987 20814.17745159 15012.65284123 21791.03288398 14942.95523105 18754.34176588 17564.88654204 14985.23534292 15084.94971112 15362.90075030 11093.72967322 13166.26838910 12823.82544721 11794.82861272 12887.12059694 10055.82731133 10726.44047672 12593.61058073 9663.69716930 9618.27319103 9614.98658871 8810.40100286 10654.45651804 7326.36709249 7872.10019755 8363.45132089 7840.96113616 7976.83597230 6958.14174147 6133.49889706 6466.45425102 5537.00574889 6955.99154752 5857.84536934 6022.09116220 5829.21919004 5395.97000634 5550.71291460 4679.36547122 4585.65188336 4799.21106167 4840.02257914 3754.04599684 4197.30625332 3981.87247735 3568.54113198 3840.57877344 3472.68357294 3482.71599876 3300.97581864 3110.05737351 3205.59105522 2970.34498461 2963.70039799 2587.01432222 2388.80402792 2469.34162021 2264.03166513 2204.73206463 2205.12046609 2115.21466199 1992.11858872 2021.16098426 1968.58282308 1727.73291923 1642.84307962 1552.68857854 1518.47623857 1509.32617521 1408.50760133 1350.49410760 1239.12725244 1235.49138383 1053.82249501 1131.47881210 1071.68255873 975.33158510 981.19395499 834.40848558 848.26324395 813.46374255 764.13766567 710.88546239 658.05653461 627.69876179 586.70384975 558.04810245 483.65570920 473.05009656 444.72310582 417.30554783 409.25425935 385.26820055 365.77699053 316.82429121 321.22268907 277.76560852 249.74079696 234.08985966 230.17799284 215.94241328 201.63520769 179.42943152 163.72094703 157.54822468 138.35067877 123.14162492 121.51863028 112.53673371 96.08686055 92.05412931 86.92854032 82.23503335 75.52364182 64.68672978 62.65751646 51.52319005 44.22976511 43.14163125 35.80446032 35.68618609
1375573.54122128 1190262.87702633 -2260542.79605561 62068021.80943177 -454693.10388022 885141.72980446 -491763.58123291 -22818.85022432 -137021.65547038 596723.03965588 191208.07151213 58669.26793880 -477250.99358318 746352.49507413 357964.40973040 395274.89553007 232830.48283493 165356.83814762 76137.11463767 206889.39537557 189979.55623470 -61556.24618969 188780.16814417 18831.53369245 70037.84573982 189279.32174287 -21027.70648794 212181.44311256 76598.03453156 174191.76120729 228267.07616193 185101.48597953 156367.45387561 -31024.24818612 8650.35638879 93480.98880169 199281.25625725 252775.30182983 35042.31320369 -22800.03308567 22408.06307866 138358.70628818 77988.19747768 38553.99237768 56612.59591287 -32636.32124409 -98307.98086834 74097.63115965 78295.02705826 75264.95473492 60172.29793036 47628.67611478 6901.36514008 75849.05074048 68720.39666181 38948.82812846 43135.80743413 51951.98116643 36348.87636525 78767.92168963 39552.60991780 15770.11906391 25921.99431966 42368.69158461 4864.81819347 50854.17626454 37756.50407666 41880.61243026 35001.98139052 32749.34074750 1542.28639530 32453.25020691 39620.41855801 16472.24637991 28450.45731568 10975.90291310 24008.69290986 19760.44887546 25004.84752870 21022.11976518 25455.90979834 8938.31161628 24569.57010692 22884.77832880 15529.46920910 16098.87137762 19308.23182135 18713.77287630 19888.86973846 19971.46266221 10310.20116483 11313.88291158 8104.75492761 16389.33237629 9604.08526451 15404.79522701 11265.90411716 8653.32062096 10480.98820657 11265.42021735 10980.72690103 11099.30324169 8343.48171225 9133.29757840 7281.09717238 6043.59588192 7335.92643533 6196.57594572 5607.07225145 4946.47608773 6816.58539549 5594.40354908 4565.97792037 5700.31468076 4261.40575450 4727.51873402 5363.58590064 5102.08802106 3669.10794071 4679.18053356 4796.18415406 4889.29839639 3772.91021734 4445.34572210 3392.17883907 4077.55289447 3439.99403497 3023.87171529 2458.24938123 2496.93399329 2995.64587153 2839.30586719 2884.30696350 2653.86931602 2551.23715836 2409.54763800 2778.12019863 2422.14505600 2355.93164598 2069.65463082 1892.06952341 1987.05556759 1902.03278623 1696.22283263 1779.74152441 1848.17118994 1681.70535177 1610.34094314 1689.81780576 1714.74866247 1469.43039069 1311.36048248 1282.30074473 1304.95342793 1167.26360473 1021.66825837 988.96347331 1030.04072638 833.93354977 906.57532454 926.77260887 757.93532238 795.42848690 743.45907455 711.91773905 737.26770447 601.99765516 634.77101588 577.31965925 558.96024534 561.89621243 430.35124306 428.33074546 410.38511481 378.67953017 369.43330410 362.88499723 339.69728514 293.43205438 283.08111548 251.05988859 243.41328138 224.64844695 245.29884715 223.55376118 202.51118494 180.01939816 153.76917425 172.66601769 143.15505614 123.73647573 113.66674266 113.45979632 106.56353032 104.74923997 82.79813724 80.33081033 78.11235928 75.59129223 61.69131941 61.40773351 55.26302381 42.98955379 38.62227853 35.97825205 32.78721264 30.83942761 25.43362922 21.04999018 20.46109759 20.26353246 16.63396934 14.50389701
-747291.21894351 332145.00035786 519176.27833926 -454693.10388022 13740842.82070178 324967.59458399 156123.69587566 -260401.30905114 159354.66709615 359045.71055821 247535.14818539 -117484.39564843 34885.76118290 494886.96011895 98792.69114944 253671.39005488 220362.28318572 162451.90467663 39745.73244633 321671.03825094 109172.99606173 111674.13095268 100232.73894332 193914.57656146 71786.84930115 118637.10234416 247406.36586417 137842.90631277 126358.79468930 87429.07283196 21528.51995491 98758.57987065 69406.40287715 90395.16361108 100033.80182111 34220.67416151 53176.09119777 75177.18899819 84853.28540003 61325.03891753 3906.25286956 112951.01051441 52280.17035250 111511.04139916 41685.38520147 65001.57785940 158796.58915065 46624.48888758 68867.89925992 47484.92223158 102087.98046380 52520.08372165 59960.17816778 23673.79471625 25979.24848358 66704.47004455 63932.73825852 35519.88908228 36681.62655592 41514.56450800 26057.16614889 34672.05619410 33824.04897889 36665.25234707 28545.54693472 39083.58760721 27434.02827623 39144.63305250 31881.64172612 27564.15051432 22762.59419025 30045.71234923 27948.10642706 21379.95192488 31664.34239979 23560.73043915 22349.33692940 25070.62856372 25118.11592458 21814.23896654 17252.62041471 21618.98948171 26075.79727753 22753.14816759 18546.58426599 19358.42850161 20919.95676767 14989.07399673 14837.54698069 16137.24768569 15620.20886821 12762.56841446 12775.54124709 13864.36815856 12225.19755532 12601.80942063 15412.91490970 11496.14279289 11175.36798411 12167.21240738 9661.32805801 10932.39779344 9515.19226256 10584.16908792 9095.10312648 8360.64128599 8820.30355946 8492.82475638 7784.39033149 7845.59203478 7275.66065945 7191.69702979 7175.30688509 6595.15812745 6769.70501752 6330.92844769 5918.43101112 6416.01469578 6004.65485945 5802.70982851 5127.91939643 5115.39625446 4651.93800743 4639.72374229 4454.20159859 4214.06504560 3943.65544447 3997.56062569 4007.96820675 3615.44014492 3714.30106057 3105.57449079 3441.42119801 3190.46117219 3056.78898864 2871.27351060 2937.67876575 2771.72808149 2729.27506757 2487.31495655 2406.87257398 2426.72011748 2207.32629389 2028.42105364 2056.15213452 1923.59090219 1917.33955428 1748.05472278 1672.36901417 1602.22229274 1604.85033368 1557.06803070 1485.17086457 1354.34253916 1342.02161912 1227.68802023 1217.99096401 1148.95420513 1108.14638428 1045.25164597 929.70767874 950.32989586 872.37780650 827.99272403 827.34247904 746.92621758 724.82465491 671.15440035 626.38976033 596.82193395 542.00162296 554.34292915 505.83621769 464.62520520 459.05847899 411.18925091 378.57632913 383.78112924 358.66710229 324.07550516 310.01265903 289.21721228 270.64601723 247.08185218 240.08087742 212.49490622 203.63124333 184.43063946 172.43988625 158.78409582 142.61472503 145.44230097 125.31968186 122.88570474 109.35330368 99.96535064 91.94886088 85.34373832 78.03328602 69.16864837 62.59828021 57.28894902 50.30641631 46.18891098 42.98873177 41.02756772 35.85560207 31.90784541 30.68675051 26.00006998 24.83602468 22.79067573 19.75236703
1465861.05226865 946922.87839906 -281587.00573937 885141.72980446 324967.59458399 10462935.60991392 144238.33143911 -30762.57531333 185678.16759611 474663.19267430 360548.31656457 374476.24798213 42248.87997166 529165.54035095 285736.30497699 168073.21435858 8959.53762025 241079.85142208 211938.39779557 277625.83643575 78525.38104829 -11459.61995962 134641.13869198 105717.68084493 139612.47170548 101372.17420101 -117369.65338171 42624.90256694 146015.14863646 133432.72052778 53053.58721479 86558.72731480 69256.67824510 87045.10113102 77082.46297788 90281.17868431 106072.96813279 150657.37036588 95186.22451808 92420.11139139 118478.98588055 73329.50140664 13657.29651036 33517.33797615 52840.98857353 74446.10737044 20903.65505696 25134.73291504 37264.26432135 47823.30149881 -22423.58665782 47509.67064544 42969.63695156 31674.16120250 45658.69100703 46772.89017479 21991.54656465 34475.95922999 45037.60432228 53495.80732164 42234.74718830 33916.68715579 39333.74775090 42940.17063573 45393.66551597 33110.40883672 36451.01504591 23946.27591655 40701.91966424 28296.13609509 32527.21774437 26679.74973140 26255.96255696 23814.55897307 20269.99663599 33613.10017313 23919.13912788 20628.59029749 21897.07092346 23845.17018731 19173.26899908 15598.22445892 17334.62012667 17685.71281269 15431.98474097 16773.91882612 12671.49740749 17985.84471340 15998.07522799 16125.80524276 13729.66863031 12782.66645105 15523.15462229 14407.54478101 12262.03332069 12243.20983692 12347.04120987 10993.44688314 11846.19780675 11991.19897441 10627.90599881 9888.42152723 10896.38963412 9659.89778868 9453.72193277 9015.24262093 8062.05731636 7811.30787797 7992.61582377 7277.46553830 8877.29930550 7159.59575694 6363.08374864 6558.72405009 6140.98160993 6239.78383422 6134.99606459 5681.00674807 6166.01461802 5203.71856710 5280.19402524 5080.53305175 4832.50465758 4827.37068633 4707.00229732 4387.48035640 3969.48332645 4073.60748978 3626.27399527 3547.51308854 3750.19268301 3157.78197355 3181.99771076 2973.80732940 2887.26209094 2918.15508361 2852.83094090 2443.66682933 2636.24429905 2347.08318331 2410.43609589 2221.40478313 2217.82979418 2011.58497191 1909.47551466 1848.15610424 1748.77693982 1838.10762237 1650.16649927 1644.50391082 1650.57127868 1513.74088456 1406.74708601 1384.47220076 1334.33162701 1276.55923178 1234.05781000 1180.93942065 1121.30021441 1029.46022550 1002.98956605 956.32483999 920.89515602 851.04734392 821.56130902 755.85193702 721.72303478 720.57503275 664.80023471 648.60086053 605.88063823 552.44908423 521.80076013 497.84642929 474.90089186 445.05179903 428.29490789 392.65632599 367.08325783 335.31734724 326.63309477 297.57692963 290.65140818 272.88706340 257.52268642 238.59414725 218.01621065 204.15059502 201.67342074 176.31088243 166.51235855 154.56004999 145.37097715 135.40585325 123.40708824 116.50577269 105.62380176 100.98533272 89.50581027 82.94971076 79.46371070 73.04357360 67.82024323 60.95383016 55.65814424 51.69540579 45.30986376 41.88551811 39.04336266 34.74457461 31.18099684 29.00620907 26.43111618
-519068.39407663 486354.07717723 -340400.57597185 -491763.58123291 156123.69587566 144238.33143911 13927268.71592662 188749.20369547 -155561.45665365 50791.65663426 214956.19551693 -108160.80721338 -50616.38040562 11462.83035517 -77953.95503777 137560.40149422 -80259.18758744 115345.03321003 166053.91154100 -85744.22778440 186143.93943105 32859.77261022 70781.32772783 68583.59984676 2733.82759138 12607.59003842 181355.03308708 25784.34439661 130781.24182467 75987.95301382 117357.88031001 26470.18509638 51109.27381591 64341.08294490 12494.19761814 66747.72345385 -110701.14871735 30451.15949932 20538.00501441 41542.09660005 107322.31357148 6759.53517852 17703.30071454 44773.04557852 31039.17753392 15420.87128536 -141113.60394605 31640.89565451 48322.76078711 36930.61211430 10218.81620310 15099.54959233 43452.31154794 17866.74848048 21669.32555405 19315.70504968 37622.77927828 19530.26498608 22232.16050546 36610.91608558 18615.93777363 16992.72133241 12724.85851469 33680.51805280 29630.21540863 25672.78545640 11857.45550136 4543.83192417 14220.57827447 10987.08272961 12707.13580919 11442.29782900 9957.29227214 11488.52956593 12551.22684595 -2351.39456892 15594.33231968 14694.24376206 11187.27693907 11204.60883259 10628.23420974 7500.72017337 14559.23828646 8662.27662051 6722.95287341 6737.61464015 7716.31774059 9769.16761998 5652.46533570 9118.97460726 5229.87739528 5808.60004071 4033.15006861 8055.95173681 5962.97814375 7263.91665268 7250.43578614 3981.13379531 4987.55926340 6608.68144044 4590.92161158 4310.15973055 5043.57821578 5119.63765200 2841.69924906 3847.17852424 3564.11400509 3544.53658274 4742.85179227 3793.83318416 3466.30311654 3627.64520859 2808.23900832 2793.04690861 3008.73934199 3177.68387641 2248.79004871 2527.54760244 2764.89251442 2387.09195847 2089.22467765 2381.24320559 2029.79249228 1996.04140068 1809.93052664 1684.39034547 2095.86319590 1795.42164026 1974.66935936 1649.96150062 1610.33826179 1818.25049239 1447.81259393 1425.31973255 1666.37909211 1329.47847753 1390.99983543 1256.04256087 1275.63243262 1157.75660572 1110.97930078 1121.61668930 1136.45901452 1054.87681625 933.72217518 928.35224162 902.91501618 775.79974275 825.17917184 840.59848802 738.35296570 699.33933090 722.48207533 720.48656696 600.05225897 608.98172234 552.85615982 578.86292059 503.36723876 532.32354824 463.99785177 473.15719109 458.82876251 424.86383804 380.04769769 379.82429212 318.80607224 323.52152758 322.59101143 301.70373725 271.52261610 263.82018018 258.28104898 244.27261840 223.73518721 203.04023083 185.02083708 191.69133385 163.00677449 160.28724357 158.61358298 158.01772636 145.70490567 139.83837472 134.95677514 119.96720620 112.87359774 95.78911778 90.82062625 87.01702171 83.92672030 82.40077399 73.94862591 68.39714042 62.00559804 59.39259682 53.32791989 51.90302260 49.55241750 46.70827019 39.36363297 35.83934875 33.61359701 31.32495249 28.18701288 25.88050988 22.90721219 23.68722532 21.87721303 20.18917080 18.32325991 16.26981415 14.99786418
1183644.51287841 850679.56995116 291596.66377252 -22818.85022432 -260401.30905114 -30762.57531333 188749.20369547 4564144.84980391 84983.33544724 -146133.20914638 145034.76090132 176160.37844680 40015.36425458 127724.40053862 85228.40700989 4740.97434146 81194.19649428 98090.67522342 93806.06910490 -4627.61434530 -40456.27975140 61918.01361452 21403.19645612 63203.26439927 46124.33713660 1199.30010656 52506.01090346 123576.16770817 20900.13320971 47866.44121239 77174.98972395 37749.26962007 32794.42486443 16759.33099426 9825.94821810 50928.49223018 72492.59730091 51005.65986454 57809.14672661 40231.87381234 98738.82565389 28610.21509902 50085.66907796 5445.94772860 62203.90766667 21062.18169315 45657.83411352 33141.60748855 15280.01535653 18348.25179519 27326.09419734 26034.72972571 21509.23379164 8457.62706244 19965.02505421 21241.44168214 39230.46855176 26610.26292612 6307.57596968 18135.99123307 20276.11777522 20639.70492473 13880.79194984 11629.94484357 17617.50828608 17551.93558078 26856.74039710 13602.23439639 17494.66012128 12338.80866935 12945.68156320 15421.67068913 12228.98109326 16819.09347830 12157.32951334 15386.23454659 12008.51684135 8949.62303187 9060.68328048 11461.78931710 9059.13815111 8166.33846778 12620.93575002 10307.10450068 8030.40968216 7958.11852069 7960.85669489 10644.71060127 9560.47227428 8000.40198443 7859.46877179 7941.77853367 6585.22269113 6716.32687747 6937.79431437 6070.17755714 7076.36176559 6276.03796424 5861.43494516 6862.64175927 5305.42331647 6120.17377735 5252.93546108 4225.30276485 4222.99625263 4477.59053585 4368.04757463 4193.81749836 4438.85227653 4381.42393906 3681.60720523 3950.13410187 3585.44536518 3446.36468736 3589.80240829 2916.21994704 3145.01915511 2894.24929487 2805.77865348 2911.03648640 2390.04819183 2493.21574155 2782.79784566 2651.70891739 2193.65240770 2237.56137318 1989.88245766 2061.55883606 1992.50087035 1872.28647227 2043.55328859 1768.53002365 1659.31007601 1665.09032043 1630.07102145 1460.73282746 1394.23873071 1347.17497084 1371.23249711 1316.53144366 1218.22150209 1063.39692431 1129.86512972 1049.70540269 1070.41573673 1034.75951896 936.38475842 888.65864362 846.56317627 876.53269852 870.93217644 764.41764522 700.28230364 739.06725307 636.10171307 642.73174450 574.29460852 562.24558695 569.61218648 526.76852597 490.00249924 492.23302482 456.11873957 405.08484233 411.65172266 389.67496584 369.41914237 346.09425232 340.38183589 295.99913499 294.13471620 290.92146539 258.00864058 258.19873928 238.64094519 226.23874140 207.60274245 188.90019642 186.49105100 176.64984985 157.47427360 145.34656284 138.58123762 127.60648526 114.85307579 112.25703918 106.28101223 94.81540309 90.78424493 81.09647009 77.99342897 70.77046743 70.22339323 62.38872336 56.68462798 53.62495289 48.02827659 45.44019791 40.17869424 37.19358457 34.12806384 31.65152982 30.11081362 26.47263000 23.14184157 23.29648010 20.03390164 18.81075575 16.88917821 14.39119446 13.98347109 11.95716085 10.96105787
377894.06505290 1079643.93212375 243067.53901338 -137021.65547038 159354.66709615 185678.16759611 -155561.45665365 84983.33544724 4914462.35113741 16787.55256017 -86206.97583592 64885.28946984 -82541.02256234 -109183.64966766 86631.48160381 -12452.91316326 31345.81739656 7706.85003755 -10944.09041933 8083.38130265 -24443.06084731 -21396.74653328 19174.02976126 -3922.15837045 5773.99829255 55745.53349660 -126879.86044047 55996.20529449 19620.25869894 17763.23185259 80915.16504483 3741.09988870 19551.88581295 -22082.75284931 -69910.40855420 35152.99816501 15628.54347878 50517.45113942 -11171.02130683 4926.21702510 -4018.75533633 42139.28932568 22898.90445831 15921.89754538 56600.04275221 41043.16729781 77354.60017336 31638.20362004 29666.11558028 18848.30222953 23288.68661321 20494.87819358 22169.96224690 29259.95652112 34045.04828236 7656.74164596 17052.20664719 11530.56490546 32012.64829606 15328.30983520 13761.21848411 8023.99100020 18880.75812451 14911.03852348 15018.09111730 7636.75630861 10446.47991655 12949.46030670 11942.95531934 7184.38398676 7037.89116976 11814.90837467 9551.47408923 14711.63483296 11687.93080056 8690.26664919 6444.08433098 10606.41425779 7351.47129155 9375.86150108 8335.20883559 8938.98919803 9980.34641607 8051.02138319 8368.01217201 8881.61065264 5649.63072670 8716.67665816 5192.99239472 7526.94402534 6660.48971451 5719.64035426 5602.98104173 6004.89591919 5034.49512523 5298.15441086 5195.85074469 5174.89167040 3861.65744028 4576.27077395 4368.26186475 5240.95022359 3789.14682257 3797.84714262 3592.39449842 3624.50980078 3513.89565978 3913.22182771 3182.62935221 3388.93038247 2894.06571220 3293.41782750 2436.30826766 2625.94017919 2901.06718269 2288.25375320 2689.07435863 2523.06082101 2310.95223681 2305.38477997 2272.50582500 2188.63602815 2116.33058715 1941.71503553 2144.40779976 1662.20595192 1842.30817480 1534.56732813 1546.95058725 1535.28113414 1607.92181258 1405.28527004 1479.86196449 1346.59025192 1210.98647500 1179.55146568 1238.75998579 1099.30422972 1153.25425889 995.26785352 994.44615453 885.26094330 909.64205355 892.90361129 837.84840138 822.09921035 755.46929800 727.66920151 724.55180112 680.47337315 643.96860430 618.24727681 595.27075213 558.83077436 511.61781260 527.56677783 523.42568620 440.28408909 437.52247370 414.47454479 406.69183262 404.98733507 376.05110535 327.47348652 350.11633628 317.81172788 298.35658779 281.90674384 267.21148794 267.35050396 258.37605172 231.39101975 210.81862465 206.78336872 191.01710928 183.13274290 177.00499477 162.99992082 153.94352736 144.73222426 144.72671847 127.18397274 123.85021039 106.93277882 108.14346230 96.96679398 90.68906381 85.96292447 79.04945745 71.55404793 68.76850271 63.64226188 55.74069549 53.73131503 54.38521846 46.12854001 44.35133330 38.67739767 37.25279688 35.25491586 31.94555052 27.13227768 27.63045703 24.19065583 20.10252905 19.94585470 19.59816044 16.86452003 16.77853345 14.22187267 13.09783681 11.26546542 10.59854647
418302.95579424 704503.90996339 413177.29114948 596723.03965588 359045.71055821 474663.19267430 50791.65663426 -146133.20914638 16787.55256017 3579427.77404278 215657.80435876 -65322.85752618 55645.51411251 24441.16264468 52786.09429079 80945.19249914 8239.06616689 122036.36087371 59585.68004213 122640.53100897 39595.29728346 53333.53179784 87806.30044159 57935.04951167 33627.53396016 12416.87356704 14066.59909010 -5182.84259558 19542.54931849 55048.08004548 29249.88161387 8857.45379336 2895.44617012 -3529.54119309 -6768.79919268 23424.77725934 25041.37400470 47438.58794136 33643.38732671 43813.84977019 54758.35194558 44020.92478581 13069.19835084 28863.17523403 19854.78177837 19273.74496136 10718.89812751 28139.81983701 33790.47779028 41881.77989767 19698.45269389 15392.98765197 1756.91325068 21698.55416462 16610.47684180 15762.98517934 16666.23038222 14983.13985681 13271.90101348 23900.31585679 9369.28620933 15631.17055647 9527.59794435 13012.90758993 4442.54892416 14466.44469838 10135.36712537 15488.06227000 11003.55634385 7618.83237406 12117.65353036 13409.98430167 14812.63310857 8205.40698923 7384.14661264 13203.30985335 6028.86104100 7619.11710646 7735.17694248 7810.03158166 6829.16241483 6675.63052316 8017.29895368 7913.42488594 9226.64614130 6686.54612931 5820.69639322 6790.81369879 5910.95136546 6781.58005079 5364.51457581 4535.60738264 5144.73371388 5911.91199570 5478.54274981 5212.42548120 4742.89081323 4540.23979545 4474.88377055 4663.38973501 4691.66983749 4637.19415317 4783.25985473 4271.54930152 3393.09270872 3352.55916522 3392.70863413 3109.86734666 3565.07348036 2880.62936798 3282.49429121 3129.24861970 2945.57584815 3016.94792588 3134.88884068 2560.54427858 2347.35278360 2272.21920770 2114.71380726 2039.93262106 2019.09777955 1925.00332348 2009.73584328 1964.96432748 1976.11975494 1520.69158233 1691.65111179 1457.11630395 1567.89871220 1508.27051495 1454.45142505 1322.14901271 1315.58926041 1229.27922682 1194.01661206 1243.77342386 1204.27280512 1061.48746582 1011.42685524 919.63424721 899.86639334 879.79575319 848.80477495 811.82611499 810.25091656 698.89858352 728.10658330 754.98968200 625.11549950 652.25441966 615.66230536 547.52415548 569.44723995 550.00078168 464.21476494 443.89431885 427.61611006 409.71263758 412.08653674 397.88693003 374.75305980 367.03134654 340.12797498 329.87102860 332.77732679 299.86219391 293.30939905 271.84993135 252.25240112 252.05047578 219.59282840 211.81949651 187.13861872 190.95317346 172.79594470 170.68215757 160.57920952 147.58056828 139.10393839 128.78577613 113.68932079 116.01223492 107.05225879 93.71572680 90.23314391 83.36335444 76.45855850 68.15033094 59.45144893 63.64790201 58.45448273 54.47146239 51.44943395 45.74148325 39.48260269 35.87247501 34.22010714 32.04918155 27.65166839 26.29728735 24.48414199 21.91315534 19.55843084 18.46016557 16.63092987 15.01594789 14.20403029 13.38954940 11.94145243 10.20616303 9.22470792 8.31282097 7.56910430
-299192.11477352 635865.72143567 -113757.23335064 191208.07151213 247535.14818539 360548.31656457 214956.19551693 145034.76090132 -86206.97583592 215657.80435876 9350534.26040557 -198670.94152629 150346.08149530 236618.29259977 -49631.58693161 6953.57798790 34196.70230795 129493.72043337 17457.25666986 191101.72822778 -75132.28711837 106569.71050874 -63645.22053684 84256.28113719 31262.99791007 -9637.73225083 14554.75370486 -16993.94388639 24916.42745294 65037.02104544 21632.93398210 -14263.91777346 55114.88537197 20518.41379086 -64495.01794941 -50127.64907017 -10035.69805588 150771.34627772 11587.39699236 64852.47451555 58575.94078905 3407.61202133 -20686.26437968 38.89113405 76068.64791666 8783.31050457 -58872.08672552 -796.88017894 19894.17724825 8703.57382748 1923.32721337 26628.07859257 3003.11154145 43956.49332084 23045.31612181 15960.73295573 21042.05451987 7602.90751460 8044.24142833 14834.32628056 -1095.24107019 3834.91486097 12311.44562320 15421.76235490 7712.74572005 14606.39527528 12786.01619030 15685.07400886 6316.48379131 12919.95832374 11716.04383013 5368.63124870 9590.10429547 16246.24916017 8159.08474780 19092.14964568 8165.91327639 2265.55088946 7341.38611455 8097.25117120 13614.69120998 7934.55874045 9555.02986670 7325.95514073 1184.01618960 7779.75542884 7808.50401219 3692.64047235 5944.37325225 7266.80942728 5215.86932869 5450.18400882 6166.90091963 2630.68225856 6002.17714743 3217.72962979 5818.74580228 4153.44388451 4433.55427439 5180.61034866 4215.12913517 3569.15501433 4084.71508865 3077.46800286 3564.49432937 2899.30371454 2093.37443406 2681.32981796 3142.36114523 2822.87527040 3116.53480168 2244.14672867 2793.93345297 2527.74103375 2606.48367644 2201.68708621 2473.13013519 1866.03300576 2247.32506794 2288.20156977 2102.89549095 2190.79359963 1912.71806550 1471.91572415 1485.96376129 1348.33049105 1652.74126957 1359.96959853 1471.44792888 1204.42348705 1353.91622176 1252.25963280 943.09757186 1298.05342993 1186.75531964 1158.27110759 1263.41357225 1005.92395093 989.03391384 825.38179740 960.07933295 875.34814949 838.18302889 784.55697434 821.01611428 725.38021880 630.68093676 719.09366349 657.94395637 665.92183620 678.52066714 531.00585448 584.46002896 523.23296153 463.39179570 486.83992184 431.96026011 406.54648864 416.65963229 352.47160069 374.37317512 349.94219304 334.55965026 341.68234259 295.57865269 308.91041840 281.07391443 271.07617160 234.19986025 218.33061445 213.60829298 185.52134061 193.76067461 175.63245017 162.09233604 166.69315156 163.52068430 136.04339739 127.08007743 134.43719410 129.30898552 116.69076809 118.01661483 108.18865296 102.19090827 91.98915753 81.35656648 81.25698192 76.98632553 69.64165788 67.85558075 64.46296978 61.34343001 57.15485993 51.41249014 51.32484799 43.34471314 41.19438193 34.37233536 32.73318775 33.82895656 31.69374605 30.19546729 26.89421137 23.84704361 22.70010122 22.09454056 18.40400551 17.53191717 16.49732935 15.17240300 13.30729685 12.02209768
350566.22685629 219267.13466023 -114177.53220997 58669.26793880 -117484.39564843 374476.24798213 -108160.80721338 176160.37844680 64885.28946984 -65322.85752618 -198670.94152629 3274810.63172405 -15977.13448648 -145592.12044106 -85441.17642735 2197.47799140 60509.53121111 116484.77659931 83726.71476312 49064.95558414 -25484.19406926 42839.10504290 22617.80162506 20912.76855067 21755.25761346 69645.47761045 17799.19851514 40574.36025212 25289.78544669 -7313.89661655 -5922.98414520 55538.66846110 29805.76445933 33901.92675180 -16513.69976846 17169.81757328 41963.58852418 77845.91232746 40647.72162545 8828.36707729 20549.59375605 20108.32168489 4970.18337726 9025.21215636 13250.86737497 7415.04083356 -54072.78035614 14887.09848597 6470.66792623 10161.72231849 32069.59274458 17423.25176902 12499.43226370 6040.07043382 9193.92116202 14221.27580725 26805.77792161 7955.44326281 10717.45549511 14970.46134510 11268.88419986 10123.93592404 6932.52816711 11379.86373722 14825.04815266 11310.97858149 5917.88364296 3498.50031687 6383.66753101 8499.91311182 8648.22431729 12445.56356727 4012.65054031 7825.38356278 6872.21751295 8597.33189474 8586.15914730 5801.98015028 5685.25021317 7329.96309282 7728.76840178 4753.59106940 2178.19503925 6025.74552124 5018.60020836 5621.67554736 4261.01742649 6753.79621902 4682.99183587 3616.90245559 4136.72601025 3990.90130564 3737.61452055 3099.75070123 4905.79754289 4408.42646584 3984.05255354 3385.51823036 3788.20788184 3691.13799317 3331.55816936 3144.70524210 3047.32556512 3027.69694878 2889.71098294 3119.70315156 2501.46913095 2611.17883411 2634.33825280 2375.97158028 2296.80490923 2462.55506417 2148.95750312 1852.17308675 1879.86388779 1912.78674250 1749.05092534 1484.06264356 1635.58322991 1638.20758172 1953.62117534 1539.55633048 1532.06916299 1400.88327830 1137.27964067 1370.63564247 1172.29104785 1188.17318228 1143.91118950 1221.19266871 1115.13705474 992.84884049 946.74795877 944.38366148 986.14995503 861.54955414 822.73506219 684.96118663 760.24008906 739.92895770 740.53354289 700.55997048 650.18545127 598.63419652 595.22832164 540.63884167 548.20244030 513.99892141 477.27587181 472.55495387 425.54041132 434.17301404 404.40828021 397.15903886 365.18224936 348.29143095 348.43612517 309.84166392 317.89634329 301.67834171 267.77093391 283.67206709 268.10072901 235.55738993 233.85193931 211.30825065 204.89137371 204.21552450 186.59225461 186.55096749 170.43996840 148.14625661 146.95634418 137.59103925 131.33590876 110.47205409 112.93491095 101.26799696 96.08418096 97.22046858 86.59698703 82.72936002 76.41026262 77.05686369 73.94460647 63.54958436 56.57894773 59.22631844 54.55207440 49.63635347 41.09129712 40.69184522 36.29188913 34.37970677 30.18582455 25.95776914 28.35573673 25.71523542 21.46491937 20.80764020 17.92742128 16.65018950 16.26745971 14.32340055 12.22633185 11.44941201 9.68903208 9.78308108 9.18787135 7.38173429 6.65517559 5.86801365 5.40748953
-125260.22044532 555818.35234182 333799.00650532 -477250.99358318 34885.76118290 42248.87997166 -50616.38040562 40015.36425458 -82541.02256234 55645.51411251 150346.08149530 -15977.13448648 1310643.80728808 -47265.17139420 22075.20708879 70181.83659468 82177.48558516 -21808.55393895 21862.53826454 13753.03445128 32328.28205988 24492.64504155 53326.28488062 14872.39369447 21851.50656002 1424.41535451 -16785.35244477 22486.92403880 24261.58328778 35224.23335336 16007.89333244 25299.91656043 36933.35757658 17783.26404038 26328.64768834 21193.75227193 21423.78243744 48331.47458388 14584.69117653 16679.29332735 21336.40784067 11583.58819460 23916.10625741 17905.75691817 24895.08417269 3579.48337769 13970.29629082 9699.91447638 19870.71936885 15479.61344274 25649.42260318 12067.68689967 16408.92929385 8372.73784270 9435.14495917 10000.22677054 12003.13830560 10332.72992841 5196.00721581 8583.74730646 7288.41244807 7665.04448636 10006.94945180 7162.17867844 10379.88236245 8266.19815827 8530.12613798 7383.07275472 8155.24826245 5318.60915662 6948.41372487 6531.47071566 4665.39475442 5405.51037426 4953.56413605 6576.84928743 4678.22961094 3929.50717358 3165.09436246 4449.89415369 5489.67671365 5816.15610946 6705.05533133 4280.17310692 2775.89504473 3186.96898638 3305.29841615 4349.01251857 2741.20277248 4176.41960569 4802.43247300 3848.93111850 3202.22063287 4490.57211943 3120.32593581 2520.84345939 2662.58093947 3137.25624992 3118.90982474 2355.99448830 2582.04331578 2764.00789556 2266.18212691 2740.74798425 2600.38250756 1946.62516830 1955.60051357 1688.08171819 1959.15920082 2039.33297172 1979.93984379 1547.23699188 1534.19649314 1472.97124994 1516.13881586 1640.67033393 1462.61445747 1438.37866423 1303.69818687 1353.16812800 1157.13231664 1159.16777602 1213.61367456 1201.49058301 1076.76678306 1031.81405508 1015.24790818 915.15215489 913.77853010 912.61434282 839.41563632 784.72162543 795.11184037 823.85987621 800.31560547 713.90712642 696.79918783 707.18498446 618.41544944 592.28044294 570.26609363 589.56499838 515.22136463 513.83239242 529.13571503 496.47448215 455.78791460 443.64422504 427.25546459 405.30704616 392.68619845 371.15611820 337.24788644 357.18685797 331.57342953 330.26502393 292.84316674 286.16835963 282.73632126 270.99598541 257.10072126 244.20505229 236.86619487 231.27011287 217.38842198 193.26665620 188.01006668 178.88104868 165.84566972 152.94651950 155.36214180 143.96568777 138.36027340 132.21351162 128.90726374 122.40277259 109.45578166 104.63641189 98.85339854 93.56084034 86.38414698 81.33162497 75.32016447 70.09974953 68.60717133 63.91932507 60.24968910 56.06766038 52.37500200 49.56883990 45.46270580 42.42729869 38.20940141 37.18919730 34.94662233 32.23464035 30.80536804 27.99893858 25.68902958 24.41355746 22.29302739 21.58342857 19.35051812 18.19054719 16.74088693 15.48363352 13.79625323 12.90122696 12.34198311 11.24821772 10.41286354 9.87138739 8.46220209
