227331288.17976856 1508590.92976480 694482.05214836 819120.70133569 -849867.90741518 1326771.99404287 -578716.59427376 937448.39580047 182327.44996070 227485.35287873 -367448.11796300 204991.01004809 -192399.37413557 -480699.86693586 -375952.08837609 363270.45155073 144912.71416972 1280225.36569246 485845.17351468 -222197.53188113 610235.15947725 508060.96553308 618132.98810516 551545.97768299 250262.58501758 239036.51569255 -35807.30396593 450050.90908976 244619.25049362 231133.97438348 146016.02591086 36321.02157035 314445.41529511 11211.01306902 405473.03827321 335557.58366787 -11088.38423867 570523.19932339 390960.45482436 373550.61355954 365845.86877656 224444.74337675 247871.67486404 314946.06107004 64355.53873806 175173.43169513 706998.84139514 270694.64845383 140027.29135963 121338.28494960 145676.58828930 105617.53589777 246227.19087467 86040.29048820 150616.97230647 158622.10094343 151373.87845536 141957.91974602 93435.18828357 120638.64604961 113300.55735992 92017.45248422 136437.60181807 104051.13720714 87350.66195507 131055.49825717 161818.20641861 82356.70855884 95210.52369909 69526.95372637 99718.26564065 71241.04089556 120878.18821985 95056.62294346 75844.53217448 89725.12724061 61394.47040226 78460.45858440 81771.28191921 64702.00428749 81115.41982279 72387.58371641 58090.66406705 74833.63198446 52051.02172623 51976.03133697 57726.77533224 57931.73105415 49305.93637649 49102.48183923 39767.10535733 57332.43596739 46142.58124374 49240.64868375 46406.27312340 42490.94382590 33726.86122028 41328.39573038 42590.46652758 41304.20444143 35386.56890069 27057.12602530 30367.87685732 29532.80298365 26979.31756063 31087.99302248 30642.98341826 21600.93445020 26220.21203235 23458.13262908 20910.64308103 22594.83213775 20965.65497949 21541.24138450 21699.35634459 18773.03004303 18131.40297404 16783.25125135 17201.99921473 18466.51219108 17395.96151802 15110.15956031 17132.86827689 14717.74703909 14005.18361155 13574.08108720 12652.85666843 12569.08407252 13321.07641854 11209.98157222 11441.46417906 9671.08148368 10527.42584233 9925.03327398 10869.03721618 8712.80001133 9188.94092904 8792.19303791 8340.70109333 7225.03703211 7069.28157718 7310.12637971 7627.77330968 6594.06429934 6361.85570654 6347.32486519 5704.99777636 5650.99579218 5075.16511342 4902.23554485 4726.68493794 4684.31589154 4376.40342503 4466.37558935 3931.04156163 4049.73168572 3606.25374707 3659.51352098 3297.09735078 2966.77432439 3002.25041533 2574.24088678 2508.46433616 2434.56024831 2373.69807379 2095.14144116 2066.07284358 1834.87373090 1807.37135071 1674.41859807 1643.32001571 1497.17835941 1298.50552353 1239.38951273 1215.56950388 1086.47533543 1014.75334454 914.89390006 835.83787096 802.69330798 696.32788351 625.78659271 613.79768844 538.50767627 445.53262756 388.62715512 373.52611830 308.93356298 278.99918346 256.37390444 198.66182377 140.94493997 135.90982033 83.88877132 83.46760747 48.79451417 36.68862593 20.23006632 7.37593234 -13.99026622 -15.51352664 -33.73103794 -51.35047919 -62.13909489 -68.55920113 -70.18052981 -79.95279707 -82.29940747 -90.46329631 -86.38278806 -95.68734710 -95.14400043 -92.56495726
1508590.92976480 51560021.38161397 -832340.82395088 1047563.86475994 240880.56946067 846021.94963663 359659.10163314 761792.94125822 969023.56928243 581101.30553061 496884.31575189 131187.13744961 438724.25135805 275175.08133569 280777.83712075 -24711.65178271 242012.27244907 565371.08020937 234275.50238848 102987.58264167 484889.85828097 84494.97965764 189075.43200656 122899.64711667 129181.14130349 215200.03355726 -166004.75624640 231420.06402827 18608.38165780 138538.48817686 80345.65941372 94548.84363255 61307.02445186 2559.25782685 241476.19937741 140915.53286256 176266.16808491 186888.32269831 107131.49897294 85837.13637759 162784.29778563 58478.92327719 90434.50211106 75964.99131060 145210.16840705 98454.22854452 59479.55805497 74493.22885973 129866.90289751 69602.62679247 184307.96549814 107068.66843966 134410.00700332 95494.79228996 67505.16872531 68990.29258419 99469.31448155 77184.18134095 89359.55230218 85131.12320191 71932.50156209 82419.62262481 62812.42704751 82996.25421652 72882.21841269 57221.00562871 77784.32439887 58534.02451700 43408.91078059 52245.10461584 57770.55427808 48625.80930464 61327.97788619 52168.52287837 47670.71743705 62011.58464292 38605.17876944 40306.95172931 51512.10579588 33539.60149836 37244.79360065 39558.26027531 41345.62029045 37325.08769686 33382.94806936 40683.93886164 30511.50103614 32451.81604955 24202.88870976 30127.25497871 27160.80488544 22814.88423404 22399.32939437 21193.04823132 22854.55453019 23370.07505784 23031.60668211 20547.96499756 19871.50416774 19930.84218357 19731.93840650 18888.93238060 19049.15511193 18112.89917159 18136.36630558 14637.55719597 16296.97298809 16616.94329149 12622.77003335 13592.01406366 13437.20507697 12630.40810709 12212.77154167 12640.56699439 12461.00923248 10375.08417717 10571.28162630 10200.01270585 10199.57696669 9835.55253541 9597.26161827 8438.54836484 9650.27575802 7908.32288520 7498.81285460 7923.71458036 7214.22332632 7238.95244726 6930.93748929 6743.47624244 6503.87523004 6262.84606994 6488.64184698 5702.59368934 5534.87167072 5524.21215408 5516.10531016 4651.91765072 4678.29383696 4488.73792764 4466.92188873 3975.84279022 3904.77231679 3981.46620902 3515.56593618 3490.66923432 3370.97261241 3323.45169603 3114.46392484 3135.05626663 3131.71187968 2819.15252389 2532.39225773 2608.77862811 2302.46765444 2393.07966030 2172.49928077 2137.18159266 1901.39608967 1869.84441283 1844.58866645 1754.06563838 1621.17262888 1634.38860053 1491.51339284 1444.39986716 1359.07449759 1227.94842612 1194.64514918 1115.01276874 1077.75901979 1008.29396873 995.05167369 913.58166718 873.56649322 835.91706528 741.75962223 709.95348846 653.55732878 618.01344534 551.53996600 525.10584691 512.49008151 480.20315553 446.17160032 398.54807748 366.11704770 340.05556420 330.51993018 300.55766841 271.57027641 263.18607565 232.65129031 223.38588846 207.50492516 188.67540900 173.22607029 163.34384567 144.99978083 134.15846948 121.69380191 105.98286301 95.74052118 89.94550504 80.42317122 78.44665019 64.51938752 58.72129389 50.22879655 45.24165505 38.88361351 35.29479148 31.77147316
694482.05214836 -832340.82395088 53545204.74743133 -2117029.44997917 464873.42687520 -377194.81658646 -380861.16570346 248519.51278016 137472.82080498 337852.16314484 -147931.14929664 -157429.78096066 268926.32222595 -239996.39729490 531762.40623803 18724.82562663 -328081.80212090 10413.62449924 127352.22640174 273514.46815811 245178.07511995 253898.91531628 306606.32487859 -79802.20708209 50491.33044205 101130.47511325 -54663.06753379 109484.30878615 184793.92859382 -50926.38495903 111114.93071586 70601.02262874 88603.83136690 -11040.77625119 190745.19184815 89074.54440285 33519.00067421 148418.17028627 35275.42734245 70946.35714424 111216.76451408 53762.76762425 45143.96696649 7365.10174989 81341.56976653 62131.54569536 -118896.14744325 49622.96426333 34788.36154137 21265.59511416 141963.91506305 77400.83790970 71531.00463203 -25092.85363203 -5770.44204528 35481.71267424 56733.31045108 39157.86043965 48678.59619873 22805.58544024 37952.98246622 31636.86758648 50789.59247503 48557.80425711 50634.22396172 37567.83308843 33738.38801251 31410.37352292 17441.45499126 14596.03394212 31877.60326333 30605.10320359 25383.62891922 7419.20258653 32367.79147076 18944.16527611 27238.99120772 22182.38290824 15701.79407837 23495.17194889 24741.07155072 22128.09499897 12942.73828003 27806.43434608 18102.68677524 21514.50052256 17298.33438204 19865.39698127 13010.55630442 21663.16723084 22965.23715615 13340.44565184 13213.68666669 16564.26832012 12027.47067940 17419.32327594 11237.28078771 14801.18792535 13831.64106105 11572.58638036 11458.22940894 11413.15770647 9259.61167067 10837.72436585 9341.88960173 8839.06488412 10599.90749393 7625.57110209 8770.00566937 10340.81791344 7203.80297331 7186.86818182 7084.94740495 6695.39476670 8927.13947070 5100.18798229 6092.32888059 6502.82892500 6331.22643216 5993.18491768 5588.55936045 4926.55260737 5328.37131543 3776.86251668 5359.79445891 4735.16294137 4507.12601249 4403.58386981 4232.54784497 4434.73827881 3910.71138014 3987.48781877 3808.60856325 3650.56538141 3115.52540460 3484.63475362 3438.58491550 2838.76447508 3021.85587339 2755.97223942 2706.83532945 2489.94990964 2554.25270654 2557.60478133 2349.67146313 2248.77756538 2073.53175758 1862.90722819 1959.06377135 1873.89313044 1782.99211092 1764.44673934 1673.25879873 1616.11167247 1636.80911618 1640.13383410 1390.77781080 1306.84333148 1279.43540658 1282.74026660 1171.93471583 1121.83711405 1149.18098515 1014.20265935 1026.51402065 883.13468491 925.89121393 851.60278555 779.02293947 787.59786922 679.10110795 674.92360533 643.89683343 644.43853931 596.13231124 558.37289464 535.19109106 469.48577199 452.78143723 427.89820458 429.83249437 396.86434772 388.02906021 361.66876095 332.06045326 307.68385904 273.67803320 261.07077523 250.64119988 233.04468201 222.16081920 213.04068960 200.07709503 184.98772578 168.65181401 148.99375987 146.88715740 135.09631402 120.27130422 119.69881638 112.59540881 93.88027731 82.20762953 80.52969302 71.82851648 70.10443622 59.57011036 59.07305848 49.97231466 46.68202033 43.12471532 41.61762330 34.56422693
819120.70133569 1047563.86475994 -2117029.44997917 59731941.42187022 -469518.63574168 836180.94440915 -507876.70556819 -83633.83832847 -102675.20557446 551839.03711148 134033.94231057 11603.38365175 -477420.82044171 637581.57672595 298204.11550099 336273.11186822 206115.22561858 110579.41396413 63008.04046582 190035.25362361 143099.59975093 -94077.74585072 152818.92147691 -8789.69808479 77838.54778456 155076.16131961 -38618.31935665 182926.05689653 72021.59747108 137436.71656151 199742.43673920 156486.26149700 130182.49815407 -36333.06419744 2313.61658185 74456.56848681 173173.29516172 247937.72781929 33789.45298467 -39494.02213841 20628.46665829 115584.71475862 70815.62067919 15467.84526755 58435.73579451 -31200.79788405 -68018.80986063 57847.81650877 66967.80565059 62016.91786624 39995.55793115 39503.01396823 6483.38240272 69133.06102982 53203.38460479 24309.12932770 31295.78809761 39408.83474476 26696.77540829 64827.45921748 32895.58442822 11521.17769122 16406.06329659 35307.83072973 -3292.32073389 39886.37486113 24319.09229883 38256.54901258 23936.79363184 24877.40077403 -5147.33593420 25508.04101787 30622.52529152 13033.62701246 22523.40090118 3880.11214178 16812.87776403 13088.75956363 17381.34325466 14934.75923423 20577.84424357 5060.28659800 19577.31894633 18482.11897410 9695.24864354 12627.94549336 13290.68883574 11413.46686366 13875.11799096 14780.73135930 7214.55276395 8700.92121130 4353.79143513 11828.47391397 6149.57590529 11865.92200799 7366.68309348 5784.50643372 6763.93300980 6695.22473280 8075.11844976 8238.68624114 5824.34469810 6670.91353541 5733.04634537 3544.20414969 5467.42156681 3979.51980785 3418.49083899 3466.75292722 5235.79694356 3907.36612641 2727.37464227 4573.30383007 2735.41574530 3111.69221013 3757.98117365 3560.08083727 2708.96984721 3534.98910171 3399.57840402 3237.00748205 2167.91960041 3300.24712137 2159.39669618 2895.45694253 2066.35396188 1962.00609295 1552.94281227 1507.22919211 2277.62095110 2333.28795731 2095.83500808 1772.76401471 2109.70383945 1863.32351857 1802.33747550 1729.54978837 1736.26113151 1475.64884672 1356.46165906 1290.49168667 1483.58393979 1249.13144947 1360.58060952 1245.37475066 1049.39089553 1101.15844847 1133.71576213 1118.79939112 971.02313608 872.99984206 787.69858566 893.05769708 577.64959094 680.97293772 702.92697790 789.78657781 550.27131270 552.56208142 682.95563926 522.83863202 514.77861740 532.98420580 477.22606369 504.27170867 409.84140839 425.07480235 404.26143002 341.08845778 363.31727988 287.64160800 299.13100311 312.83021798 298.19410255 268.36180379 278.84187187 257.86636746 247.72607851 225.29640796 209.56227943 199.57684581 191.53216803 184.32511075 169.07691878 134.89360789 135.61520507 133.02099557 122.06204329 111.05784625 109.95174168 109.25912844 101.71541636 95.44100934 83.19124509 76.83939831 81.18914829 74.37255072 63.21379336 58.53305021 51.98065776 45.11808714 40.55735687 37.58830904 39.16581362 29.70206635 29.52207022 24.99799988 25.13434030 23.54347454 18.55663866 18.03653013 17.59763076
-849867.90741518 240880.56946067 464873.42687520 -469518.63574168 13187753.92848808 280115.48900580 76843.10281121 -266635.63168401 90394.94191527 309472.54919053 221920.79063165 -150968.38292476 15727.89526107 479670.53327316 75705.88206872 217351.24845233 184622.72329085 131591.44377668 6079.19794097 273942.34449860 95042.73315580 72684.04620446 72241.12476171 157064.03537825 48401.29270325 82725.22784252 213703.93608158 120349.85330373 97540.48574478 66830.19061620 4392.77682077 74626.65551716 51054.05068867 77504.33266023 83186.35597827 16890.74981207 37693.92640723 54898.10159580 68922.55333683 43637.91371964 -9428.04457419 93039.37350925 37830.36502119 96808.72136781 25876.78586529 52948.12481112 115999.57657402 29951.34576322 62777.59352541 35680.38538460 76172.21909673 38789.21765845 47221.97279716 15258.51248508 17135.15974131 54145.80649594 51434.57075731 22083.60825742 24303.62733475 30176.32257493 18001.46891182 22916.38834731 22371.23236012 29390.24501619 20349.27285366 28378.65427844 18331.17444889 26447.26609659 24070.75995260 20609.64936093 16100.98106590 23020.97134310 19111.73590976 14895.07343692 23113.26337909 17625.59019838 15985.69442331 17830.92845251 19134.54864349 15622.23771262 12075.72284332 14511.99234062 19366.43436180 16584.62062930 13431.40559647 14226.51536818 14963.74755696 9896.36630093 10901.10488256 11731.84491192 10489.58154017 9020.25916813 9335.76033367 9819.62213101 8484.74311960 8909.56489591 10952.68624425 7658.27633431 7616.85019324 8667.36022748 6739.94302384 7560.87481626 6577.25037388 7815.47550160 6582.91232398 6187.67794910 6382.48090312 5992.33264812 5337.33279485 5841.24916610 5337.85804244 5538.30473459 5162.56785939 4594.57832978 4811.40103006 4307.64177884 4011.00304733 4570.33937398 4251.99173226 4114.84249894 3397.64333600 3641.81590571 3180.36352332 3316.64896689 3031.93841966 2869.41891401 2795.44733535 2837.08492572 2749.04588191 2529.60075218 2573.22634618 2315.17259230 2550.78151838 2333.48466733 2291.23024006 2161.81804945 2134.73573617 1949.98736749 1968.79953906 1797.75821666 1774.20269459 1835.81742694 1606.17564287 1495.23880299 1502.04296763 1460.19355639 1477.35933323 1275.59705002 1242.07740785 1226.63933785 1222.53654794 1184.07889959 1098.78759303 1053.88125078 1039.92823134 952.65778218 970.17149833 885.36532240 818.83019429 807.31391051 737.87709564 739.64787940 663.88874308 688.33538343 667.38354385 638.54509422 593.79180473 543.76866541 491.88038799 491.65375316 482.43833023 461.34462484 418.03648559 396.57231271 380.35512036 357.94658981 318.31527740 312.13226359 302.40330377 291.45971567 270.62162444 259.83416077 243.14485389 222.53023547 206.97135639 197.58872916 177.30243848 168.61091016 154.44890879 143.89311388 134.06074048 127.33187371 118.84516827 111.92061454 99.32111174 90.11394897 83.75351641 78.51363675 75.68854531 70.35262258 64.80420153 59.02588722 54.63643672 48.30368860 46.52478457 42.10207774 40.85165518 34.52663830 33.32529751 28.55842154 26.76935017 23.83542615 20.94056312
1326771.99404287 846021.94963663 -377194.81658646 836180.94440915 280115.48900580 10069426.29386639 112377.32216837 -60067.81185342 145560.25369031 426349.14259313 336743.60226395 335928.00598278 9397.19585565 491446.95067072 249206.03799806 133980.72648647 -12392.29089970 199429.11958471 184022.32100465 217825.27312218 53679.04133789 -23474.47844349 111935.85578428 78924.62886056 114146.58516390 78078.89083574 -113185.50273581 19253.30116466 123412.96002912 118591.38313877 41056.58725982 62145.82689352 54509.54363411 69635.38504275 59277.82442285 77490.95851279 91916.42437314 114615.72814959 78160.21646449 72784.90626572 97986.98594331 55647.97101066 2000.95975170 19098.09373978 34581.27907215 61136.38749365 -2009.41694080 14078.57496526 25233.24928975 33414.96320457 -29202.63662036 35319.77088051 31175.58242096 20050.85202278 36862.46819022 31950.43222068 16847.86336548 23892.02710450 36584.45139439 42274.25951276 33980.61877070 26806.74209587 28661.06098659 35821.77194405 34334.65478828 24414.98682221 26508.78017981 17824.12144320 32662.10202827 20788.43184392 24026.36719885 19438.74132241 18789.69075807 17870.45508677 14403.14102969 26629.04688904 17861.20209050 14868.34093164 15715.00567193 18222.03771891 14686.03168835 12322.57053512 14423.76180269 13199.04135134 11011.02440265 11962.13709025 8594.62993790 13850.24787690 12827.56740464 12217.56868074 10102.83465199 8974.08074578 12070.27025674 11105.36603872 9465.91530311 9391.87978145 9191.14591423 8327.21061582 8997.66589545 8723.80830025 7521.05753653 7415.07310242 7759.62127767 7018.66354081 7168.51371233 6650.17772380 5606.43120532 5358.66177734 5457.04498482 5159.86401939 6253.34285716 5356.23743166 4652.84046966 4676.16425675 4312.73866272 4543.39118569 4438.43969704 3980.19334777 4354.31941715 3667.12493531 3733.13657015 3509.50851440 3304.44713704 3373.59564020 3349.94179409 3042.13458357 2722.31990836 2828.66089766 2539.87782319 2390.18149109 2517.26696332 2212.82510232 2263.67493292 2071.44687382 2064.75528267 1989.60923970 1880.55264816 1750.29886972 1862.04950950 1621.32899600 1693.13240416 1546.76045278 1560.44260286 1428.15795500 1411.16444957 1303.50567905 1271.49650457 1331.77276851 1274.57386065 1175.68950395 1166.31262237 1084.29619278 1004.17043734 1022.93566645 974.66189431 931.00736593 863.15847546 873.35359079 796.46288408 768.32192750 761.05376922 703.09843925 666.90620282 633.30408133 606.74285964 578.25483737 527.73654986 521.59320543 501.96175844 484.62433433 453.03771790 422.80784572 389.03236030 389.72702753 383.50239660 346.63877810 330.51856218 315.34043803 286.48392380 275.08765763 268.77600409 251.26702390 241.91758735 223.37943099 212.16560645 193.52012203 182.23428986 172.57298982 164.54796958 149.94044876 139.95416399 131.14545628 123.98360262 114.46451275 103.63845396 98.96864382 92.66989589 86.10173795 80.35942159 73.25951547 66.97627098 62.00086188 57.74758001 52.12029537 45.48188996 42.58642188 38.40605125 35.30456988 34.30477374 29.85290700 27.88017475 25.07192167 22.23659504
-578716.59427376 359659.10163314 -380861.16570346 -507876.70556819 76843.10281121 112377.32216837 13393082.30728010 188424.17024882 -166591.07862800 54961.21971412 176972.42925606 -136424.28633689 -66528.87686608 -760.48289078 -88549.24221367 112497.66164918 -108994.64302089 89625.36256085 155189.87231525 -95868.70726657 159185.24265160 20483.04304200 52701.28362497 56800.75923637 -54.34245393 3465.91581082 139169.45044518 27164.88519909 106783.05271470 57900.08373911 108022.38630680 19483.38406907 39245.55899788 48322.40796694 -2725.20428235 61132.93249464 -109168.01488293 12882.90920379 9894.04989815 26456.32732809 94778.66361149 1075.45585230 12404.31962699 36638.59205547 24514.95639206 10761.14382778 -133104.16737695 25344.08917015 37031.79436674 34153.44641076 -829.81599521 5576.41458982 33165.98503283 11986.63796818 17003.32732957 13300.52589156 33217.08223964 15237.81813904 15232.86868625 25499.67912603 14551.75095419 11648.87329432 7637.94475889 26885.41446836 25539.65716047 19340.17666716 8667.62735263 1142.21718387 11884.98279760 7216.99407404 8076.93109896 7343.83196470 6534.75703109 9334.05442726 8764.71449891 -3387.10170740 11008.59095837 11311.59876120 7304.77460508 7958.10130327 6841.20987911 6433.29199597 11706.38517482 6061.69300035 4291.61087297 4798.52486673 5420.65456494 6690.73809817 3056.99552763 5741.14862661 3346.47424915 4033.32671326 2618.39418703 6409.67789622 3813.06834767 5662.74678805 5058.47801564 2399.95347767 3014.88992331 5236.94203433 3393.26441641 3317.69263371 3445.88704724 3971.14339796 1568.22328973 2512.49032355 2601.14790428 2598.86260766 3361.15061445 2624.75868366 2749.68228820 2816.42788592 2143.09753642 1985.20037226 2165.16269951 2567.21321731 1544.30458159 1812.04165626 2086.33653366 1791.61080843 1710.02604278 1680.30882066 1533.97113093 1444.47800928 1487.20615206 1211.31927033 1623.92067532 1322.95824818 1619.54379999 1314.81532577 1232.67006626 1308.12087626 1097.82627113 1145.46768581 1158.31995499 1039.23052100 1006.27904308 879.41481757 912.06253428 915.12923925 873.00284434 898.77596115 924.80885749 745.83197419 754.29412120 776.31352204 647.53175155 610.78723934 672.66200256 662.75218394 620.12571054 567.35384483 599.68576225 598.13297232 473.92422383 499.90376023 450.81736682 476.94121001 407.34107626 424.79100718 359.73620549 395.16192427 354.45189270 352.27593803 320.55183383 299.80587640 280.78674025 271.29859671 271.81201782 248.81715023 217.72818861 217.23371705 217.15751083 208.96066637 198.62639622 177.08513725 175.83569653 162.33971882 157.19102424 148.58561333 144.04602241 138.45667297 128.26346583 115.16646623 108.90659370 104.28425083 102.11507675 84.49392680 83.10818701 73.94560566 72.20645495 71.37947733 60.39858528 55.22084908 51.89183475 52.74618943 43.26080421 43.65656922 38.07373821 38.31134412 32.76472648 29.72626747 29.61678024 26.00531679 23.03006718 22.20198375 20.86000971 18.04258461 17.25922504 13.95902108 14.95011831 13.62151230 11.80537776
937448.39580047 761792.94125822 248519.51278016 -83633.83832847 -266635.63168401 -60067.81185342 188424.17024882 4370929.09933963 73602.83236708 -146100.02767370 125324.63656510 170302.95138089 18229.62439628 87586.91922401 65910.75314616 -10241.27740352 63932.23216091 77551.24153528 76813.07258202 -13979.87705563 -47170.34640111 50375.09486199 12455.23880551 57579.82492452 33289.66181495 -9510.10602423 32186.38860579 106485.76376000 10620.18661332 33179.38914488 62280.19764835 31368.25199007 23316.21324530 9410.87989397 3044.13282203 43493.57929733 58199.93665824 40978.94650456 45984.13502113 29656.65388114 92566.54747540 21984.91096671 42070.63721532 927.61579873 54140.79432750 14473.92177115 37328.43247482 26007.00236957 11816.35688721 11541.10831457 24301.36299680 21018.90745113 15578.80924345 3920.28238144 14135.13137013 15383.26749035 29976.08371621 20534.64400402 2361.82683014 11790.70271013 15499.54045147 14343.06440348 8920.50617204 7987.92064674 13696.14297588 12554.84512801 21184.43431944 9563.50683999 12769.82499983 9476.76195722 8068.46468614 10661.45321108 9148.56425363 12329.87469061 8336.98043617 11486.66784573 8618.80134665 5828.28490296 5790.24300159 7634.57669924 6928.30446416 6065.63590589 9730.57208030 7849.51338096 6050.95944252 5920.85896725 5709.58605714 7659.39590456 7472.84440844 5780.57043534 5051.32506467 5785.23386831 4730.56153255 5015.74803804 4496.48655184 4289.25752568 4997.47884731 4639.41368018 4131.07279795 4879.18174543 3705.35650479 4229.68364915 3721.77335205 2781.32378601 2872.27894275 3159.74365693 3106.87681634 2719.05567595 3189.65988391 2963.04181691 2503.42962891 2699.46757764 2456.37868961 2384.80136030 2537.77400131 1992.22302994 2257.02969233 2014.64953803 1957.62010909 2022.27815399 1656.66297405 1783.27041421 1947.22140803 1853.21621753 1471.00539069 1503.52615355 1323.73214906 1513.28497580 1399.23368853 1303.85140242 1410.26711335 1299.41137518 1122.86892870 1093.18357560 1086.23974337 1026.66043879 952.26511425 953.04014293 915.60896050 903.72126025 813.15558994 768.39081131 755.03207562 743.54297744 748.34630621 753.44353865 639.05836904 652.12052146 612.70570414 616.57176968 630.17843564 524.61697116 492.55959882 529.23812712 433.12396513 442.05720946 408.68524857 399.02069619 409.20184895 383.52520802 365.07583919 358.52671546 344.56102816 301.68953273 321.99303000 295.37411195 284.57338126 265.64552312 264.22621971 228.80227690 232.16169959 225.59471023 200.85674123 185.42008773 192.17137701 176.65522483 163.79088666 155.31379255 147.16579863 138.22696725 127.42524863 113.13129433 111.31693279 105.92468628 99.10248025 94.52695505 90.93284999 79.92121826 76.09566725 72.21644660 69.01417489 61.90530348 60.48542715 54.14604280 49.91825473 46.60454916 42.45903684 41.46922794 36.89337079 32.99388105 31.37117606 29.83388332 27.53926574 24.50556512 22.53424815 21.26598771 19.85045876 18.08478279 15.84846289 15.28464012 13.28100947 12.74822510 10.59279700
182327.44996070 969023.56928243 137472.82080498 -102675.20557446 90394.94191527 145560.25369031 -166591.07862800 73602.83236708 4675630.58118035 4684.35776547 -81491.05387961 45996.71191631 -78773.71148068 -115578.44112545 61865.29048707 -19934.96970794 24504.11493392 -2189.00457432 -18166.89535713 6025.62693375 -28675.05554473 -27440.85417296 7821.16172912 -12345.08499325 2620.33589112 39634.64962010 -119286.25097326 40941.63116709 14106.07273766 14388.10381564 68075.47059909 471.87364630 13769.81191816 -23526.79373618 -66366.96970319 26287.81345368 9835.75332961 37594.24986824 -13107.19256263 508.42369406 -3026.60158828 34324.94654882 18458.24030648 10806.46416680 47727.10200985 33490.48301121 68880.22018243 24995.31377912 26083.95944728 13298.75750628 15915.74414204 15697.57723722 15950.08392616 23463.79523958 27585.27550344 3307.60117421 12961.67551267 7659.00895103 24942.17681830 10328.30710121 11487.62340049 4201.41257655 13575.85790448 10875.17176548 11126.45532239 4376.35159648 7167.32398458 7836.54902976 8839.44419618 5063.79813758 4684.74429526 7746.88903071 6080.13313052 11119.06733628 8464.02995218 6268.19430728 4296.56895684 7657.98757909 5093.92530692 7459.50327135 6780.34243430 6468.39326606 7907.75988838 5605.20566657 6615.00648572 6699.15302264 4047.04135569 6757.95062943 3603.90324740 5208.74728563 4487.66361132 3903.66852987 4049.10267768 4223.83315779 3704.76695175 3850.52528918 3404.26199020 3671.75436685 2626.32168700 3015.20786796 2922.24651174 3286.49348765 2798.32166402 2681.37138816 2781.04367929 2465.34486482 2165.43697186 2637.37667936 2208.68343239 2412.52723359 1871.49848339 2214.87867696 1769.10474894 1928.15355738 2052.29075248 1442.48968576 1988.73753558 1766.00494935 1633.44841859 1467.34219900 1476.31517962 1488.19206960 1498.74778795 1326.13697675 1432.17502812 1150.50533564 1265.99442310 1016.92478681 1066.10133865 1005.35049617 1137.86473369 1021.90458732 1074.64773580 910.48058735 825.26605156 802.83320885 880.18315857 794.22057461 820.13371347 708.84253549 752.76141411 665.41444751 684.43974755 641.89254630 621.98201154 586.14409253 572.34359275 560.14669685 560.04147318 519.17756322 479.95897213 473.92748761 440.95403676 421.92848447 407.26482677 402.31570553 401.05694709 350.11472119 333.83668428 344.11406892 318.61020670 327.12009788 311.14071952 262.01593764 269.63971212 253.16534339 249.50756355 228.27011676 219.66506597 207.79331104 194.51506052 186.51417289 178.94701353 162.04003744 158.36458311 154.45775520 133.34227520 138.74859971 121.86653202 114.47617521 112.48391725 105.86414244 97.70726332 88.12575895 83.92082399 77.40605308 67.13554275 70.75663586 63.87302404 56.69427670 54.04930892 52.18390665 48.49793776 44.02969172 43.61689427 39.66515409 37.44173202 33.47252627 31.44582068 30.87612548 28.49804814 25.40593468 21.83580299 20.95715998 20.07276220 18.28327730 17.61664239 15.35544580 12.92432722 13.32032533 11.26341563 10.34882701 9.78093893
227485.35287873 581101.30553061 337852.16314484 551839.03711148 309472.54919053 426349.14259313 54961.21971412 -146100.02767370 4684.35776547 3382359.13106180 200038.52985630 -79158.17963943 40810.28461284 23774.12124518 35219.38671851 63405.08591355 -9918.14501542 109265.60382435 43492.56700796 105118.84103956 26006.37701123 42552.99770380 71292.81064713 43229.73308912 27654.48134514 -2850.83136156 7914.50432639 -14885.37814834 8727.92250885 42609.35742933 15566.57198218 -430.78956425 187.19383457 -10366.24516957 -7523.62333541 20490.82998143 17419.13055074 29605.80524266 27001.45352304 35663.64322172 44227.59656306 34730.76375165 10441.07968706 20814.64525398 13079.32413068 12997.12572467 5976.41427624 21371.31031397 28491.06242571 33687.44751874 9846.66792525 9168.88517906 -1972.84110892 13026.38054735 11680.82278799 10634.14542529 11673.32050115 9819.60985689 7017.39100016 18240.65833023 5425.61648183 10830.77131714 5943.81924878 10892.32780791 1599.83827142 9681.76103518 6533.66195022 11844.37115524 7331.22190139 3979.68793660 8308.51045858 10494.41475600 10550.42436947 5480.75874891 4890.91709885 9604.80287851 3245.50116244 5796.88897679 5710.10317147 5409.77759805 4720.21951421 4833.16171889 5340.87758854 6082.55108981 6824.28278445 4479.14334032 4069.73376257 4449.58417279 4419.41990838 4654.00701362 3568.55647383 3224.54692410 3697.28918760 4637.40095456 4082.57307571 3881.64373919 3284.94955604 3123.38426675 3009.59429219 3349.20226830 3185.31160134 3627.66875769 3226.20939849 2921.25374199 2117.53871531 2235.29917053 2207.21894745 2116.45573264 2660.65494864 1884.73934474 2283.59691263 2154.09482442 2078.18126454 1903.81390728 2145.64543996 1763.15818338 1561.86307786 1512.07878116 1459.55575988 1286.02972332 1320.15305437 1292.66812063 1395.60379707 1265.14640730 1312.67216711 1052.38090576 1102.46006621 919.58891328 1052.14890668 961.72706917 953.41757977 924.75881195 904.15989894 814.39609243 767.72496136 845.26168450 785.91525555 723.83225946 645.47584356 582.53331284 600.60193194 587.24187154 582.29846272 552.16403159 537.93962876 494.81790159 522.98119356 524.27752091 461.45867502 452.20611655 437.31533099 394.03377830 398.03013502 397.24426528 307.97199484 328.13162879 330.25474720 297.01640485 301.80174392 293.60697280 279.30990684 272.73320258 256.18323247 235.82363324 234.82224214 206.28167884 206.35195504 188.72938300 174.58640000 170.10518934 158.01972541 148.72901929 136.91225506 131.09814651 131.10685167 121.56687753 118.31879513 109.03287709 99.00909938 92.48737139 83.87542758 85.24913229 77.78601619 72.92605495 68.59617784 63.45784026 59.82717974 54.96148382 49.68153041 50.48501009 46.80058029 45.56961091 38.54570149 37.88691280 31.26987431 32.04946459 30.61454355 25.55892651 24.80683808 24.46891982 21.51056489 19.98717110 18.76731227 17.69108142 15.61056405 13.69926485 12.97082084 11.83666545 10.39708378 8.31832545 7.96459638 7.09575903 6.58819730
-367448.11796300 496884.31575189 -147931.14929664 134033.94231057 221920.79063165 336743.60226395 176972.42925606 125324.63656510 -81491.05387961 200038.52985630 8876637.46996451 -201069.03043271 124912.41178920 223625.13160361 -59732.13650206 2904.64877050 19753.17756087 113406.20997180 5668.83444777 169522.42085063 -80602.15497020 96662.16156669 -68124.54744986 73583.01973165 21014.79927441 -11178.78881564 29917.24596118 -19801.21328319 17203.19648167 52505.94968467 17052.29405644 -14246.76366294 45343.27474332 18266.21820676 -68609.44987134 -54444.71821909 -16442.06935330 128368.26547305 3725.58835516 59383.61233064 51873.74438070 -421.86340056 -21105.48066047 -4747.59920749 63964.82195479 7711.05081449 -63509.21393960 -2177.06347621 13933.68008171 7607.44230450 314.77567028 19861.83108957 -2653.51642299 39322.03787698 20287.78223691 13456.73894168 14291.99312719 5879.33536159 2682.39738329 13149.15687642 -2421.53696734 532.79027444 9209.63354500 11422.02648011 7016.08426389 11594.14235289 10854.42257241 11387.18620156 4834.60532786 10218.29517502 9148.27785648 3286.79075498 7112.33664695 13435.64146749 6597.54070116 14427.62083089 5828.52705821 1115.09705560 5308.43585929 6405.74121816 11666.69462182 6837.09772144 7860.64324993 5111.60585860 718.01308017 5457.56911301 5700.80699175 2388.52494395 4253.28636427 5858.98509857 3201.73931514 3496.44909506 4685.41495982 1609.58221334 5122.22319238 2340.76744569 4590.28248728 3224.67691560 3297.27269469 3876.69951790 3139.26355973 2446.29196658 3134.18594850 2367.41623112 2124.34270346 2125.46443500 1649.12152989 2001.54339143 2296.34025957 2093.58159966 2445.97994348 1657.10801804 2119.65327134 1860.61077262 1868.31121695 1641.78171885 1890.56665788 1372.24815676 1696.16332768 1682.04607553 1321.07661487 1470.53114661 1354.24255425 976.01602639 1029.19047530 994.34273978 1290.74708573 997.58632125 1161.37435525 923.17414044 1001.74979515 927.24087800 699.44002439 1002.01113005 891.57104375 853.63283558 870.07073367 767.11270706 716.50956263 601.65793606 675.53294322 621.90956975 613.67365262 625.70460912 617.24788308 546.76700754 464.30730493 540.85446450 488.13227659 458.84717859 493.03604153 417.51428123 420.71984252 388.26495558 329.41795755 337.70679313 346.80275622 307.14128013 318.74739961 291.33427556 297.07452637 244.88858853 259.29159428 237.60282011 233.31535455 223.10989448 202.55650403 191.68721810 177.34899252 177.76502130 165.11796530 147.58956769 163.58004101 144.33878068 136.41626330 138.57477118 132.52761276 111.47318993 108.85589280 112.19948879 103.91249635 93.22714975 85.97777975 85.02816594 76.88324878 70.81251731 63.47637332 59.73337204 51.53237417 53.97199604 42.71846632 43.08831823 45.04769275 36.69554549 33.06417984 33.31285626 31.67234386 28.12024948 26.89891982 26.12838211 21.72007183 21.22688134 20.40492384 16.40599435 15.97041037 14.59954755 13.89831243 12.61170621 11.56784683 10.63288491 9.50593497 9.10133191 7.84003457
204991.01004809 131187.13744961 -157429.78096066 11603.38365175 -150968.38292476 335928.00598278 -136424.28633689 170302.95138089 45996.71191631 -79158.17963943 -201069.03043271 3112547.50436543 -24404.26579602 -151820.59647303 -90861.04678540 -9319.77736732 47325.79393861 97128.38889420 70665.29967434 33845.50358604 -27253.18440269 31466.48606937 14231.41345281 14769.76409719 18576.10815284 62155.56346648 9541.10623918 31916.08454699 15627.06646588 -12189.36169162 -13448.62380289 46718.51384123 20754.26956597 23345.95282949 -19693.08516611 8973.36519037 31554.75298451 65090.39491351 28757.20689192 1564.02426177 12301.48556036 11793.01309251 2669.92851636 1905.34523683 7836.70138858 -73.57908378 -50122.97433634 11233.49816988 2619.69421642 8007.35567550 27699.51634792 12000.39438667 7180.45968119 2252.64331361 4507.32280903 8124.65779314 20032.66153831 5696.30891403 7287.35946561 10247.79802025 7733.48801426 6382.28369983 4048.36339810 8826.85008972 11011.60854858 8190.44249279 3157.42416818 762.34853117 4097.06965566 6590.37701532 6637.55651465 9516.63128053 2118.50695544 5939.11327158 5053.29713160 5222.22411415 6310.90158999 3078.58196018 3731.15194546 5507.16562059 6030.58598833 2789.86188951 1109.96980090 3937.66824710 3638.97056485 3660.19051830 2544.08000708 5333.89436593 3064.97848773 2099.37475652 2725.30318347 2786.93145264 2262.43019982 2052.41169546 3597.42937884 3181.37261648 2731.98444359 2452.83485809 2669.89355713 2369.19997769 2336.45023353 2286.83555368 1800.77943130 1783.90040744 2237.41423191 2170.56705048 1560.93586633 1784.86490972 1773.92485169 1499.58124191 1453.30409355 1548.04553628 1240.17771734 1164.98589688 1239.39895443 1260.27270247 1215.23690386 956.19637101 1036.94549241 1106.49790696 1299.84455555 1081.14749089 971.28221842 944.15426818 695.88953919 938.89792670 705.83961786 823.61389868 753.56785016 764.12224945 713.31690975 678.39392404 632.36305578 634.09326842 649.99957755 603.53934618 573.66823337 495.00825137 548.35513210 522.66518151 536.28452767 504.76652474 472.94833131 397.62958975 441.66740812 358.78117638 397.82759909 384.45421167 347.88146073 350.52898239 347.97689704 316.24009220 315.34087598 298.47863176 275.67067603 281.31826708 274.30917350 248.25459292 246.71907849 245.48742140 217.86100717 211.73320545 213.74381059 189.41286623 168.39093592 162.83222161 166.69739742 160.61027263 149.07242158 140.53745987 120.50156862 118.23299873 116.92500299 104.35746542 103.27953529 100.71682337 90.51061018 88.39143906 78.79326736 80.48280049 71.88558912 68.54067660 67.52918520 57.31761829 59.26204388 54.22324473 50.59884321 46.81076567 44.95301408 41.53562989 36.74903622 37.14954358 34.96936224 30.69361586 29.56403737 27.14614102 25.67293504 24.50625263 20.70683820 21.64712629 19.19664956 17.46064623 15.22224001 14.67046373 13.60222807 11.31209010 11.67564280 10.39767851 8.96555448 8.39684517 7.83645783 6.35707193 5.71618309
-192399.37413557 438724.25135805 268926.32222595 -477420.82044171 15727.89526107 9397.19585565 -66528.87686608 18229.62439628 -78773.71148068 40810.28461284 124912.41178920 -24404.26579602 1238499.25983117 -50334.14727951 18220.12612558 60014.79600964 68680.88449278 -28924.03205127 13389.30078813 6195.26124113 26948.23262497 13038.94191025 44341.66773548 6828.07409011 15653.67217447 -3596.67818206 -19707.71801571 16148.19412672 17659.16661498 24310.99244127 13549.69681005 19906.11905367 31482.16500360 10921.26690046 19986.23765306 16915.62225235 16262.61414252 39786.84681659 9293.73215503 12818.26817126 12110.17990414 8417.08191961 17827.92301649 13280.90295449 18607.19886932 -475.52936773 4377.47545082 5626.36205426 16068.82178384 11630.82528073 21986.61392269 8597.57259034 12266.25344090 4063.50439788 7053.36883646 6584.31566857 7113.79145847 6085.45200017 2418.77755285 5992.53073684 4900.58036584 4995.56276147 7310.41910106 4589.68487359 8057.13743688 6237.06998956 6162.31049759 4828.85604141 6145.92812134 3166.36059884 4966.77303186 4583.18449412 3427.41430772 3051.82032798 2760.51969877 4541.07313037 3226.82964953 2501.99140550 1857.48647565 3437.93348973 3790.24396344 4592.71909537 5088.71717346 2845.86345468 1564.70868323 1793.25929564 2044.51489089 3262.60702504 1763.19876539 2824.02621140 3745.99201052 2597.87628226 2248.79781849 3258.70307828 2165.50231658 1624.38170556 1812.04855724 2177.28770170 2265.24845266 1547.66385262 1738.18266451 1668.46251607 1405.08262876 1760.52695613 1825.48592178 1240.27689346 1348.84943012 1079.46527330 1287.43732987 1348.08982007 1317.59871993 1134.47836228 978.65219988 986.01113219 987.08144426 1175.95043917 937.96894602 991.53276686 887.85762479 895.00423589 778.38143192 791.11106192 816.02653695 814.54738077 735.28079934 697.21769931 715.34732068 591.92859483 592.85086241 570.37977329 553.48380941 513.33374988 524.26090061 552.49828887 524.75055231 492.52111414 472.27572519 451.46931432 386.55197633 393.31923802 373.68174240 400.62986764 347.52751991 337.38724771 368.61828619 344.06792774 312.34557005 279.45578117 276.16314082 288.06211349 264.76899731 251.43245611 237.70702024 245.30807484 222.50559319 224.34419662 203.18425711 200.08904803 190.39352411 192.45579553 172.06853025 162.35232031 154.72299490 154.88997749 143.36926870 136.78257626 130.62856122 120.75439037 113.43112298 105.03577037 113.40133729 104.92107878 98.22123702 96.40402213 92.09309476 82.95821076 78.46080473 73.86510212 72.28101207 66.91306070 62.27432660 61.36908761 58.68258101 54.92866556 51.39609008 48.53224281 42.04841287 40.57967819 36.86311990 35.42193199 33.39100664 31.96974784 29.47729160 28.23002170 27.17911896 24.34941716 23.33075090 21.39295262 18.78315035 18.99963879 16.73573402 15.63721856 14.18148611 13.86906916 11.61843511 11.33745533 10.43389792 9.65049070 9.24484465 7.96464480 7.53559561 6.91695805 6.15620786
