331381219.88328439 2662615.14676303 1241690.42052642 2297648.09251166 -950512.31034940 2120496.67203795 -665905.87486893 1807005.43722806 665433.42740031 715258.38641249 -365784.44868277 585252.33309532 -124732.26491726 -648950.42379521 -352021.29576731 662585.10136564 248709.71237631 2119829.68769570 848256.94601952 -144455.86257518 1102556.72059108 832578.29446469 984475.99570712 976405.00597763 507555.47666816 454673.37492027 100637.95105074 817509.38857991 399300.92739141 426465.63767719 383271.15123472 181666.53685061 531075.98794338 114503.47993190 727507.65525831 559174.17012085 62168.64857764 1090801.56229453 637321.75682533 652521.83004356 694485.79631352 432728.50346994 407758.42428133 601767.31283390 167598.59605695 346876.87725193 1159017.05519563 505182.61290483 253984.50883515 249182.35360205 275962.69530647 199534.11033083 398842.53149578 188513.61677327 264250.26137748 270268.14530803 266512.18050323 231972.85342392 193353.71944998 250753.01013663 204405.21211906 173469.94937702 259681.67437065 235406.34872564 152094.49907070 243745.27571683 295215.24737951 152616.65916670 184534.93929423 134354.07675954 164821.36108528 143433.18335429 199708.28517687 174529.53330914 136037.61448335 178504.33502979 98338.13795838 149825.87508115 155251.27371553 118586.24882671 154644.71682375 140102.94991417 111775.44714749 139989.73813478 97526.21081181 106187.47809572 109295.02134331 110312.42091032 97288.91531936 93511.73045291 83780.45584723 104946.18004208 87587.25860063 102155.76112324 90288.72575653 82732.38747607 63423.15606060 75981.83375413 82893.02096766 79589.76844000 72189.40156904 60657.72137610 67290.59571495 56975.89163486 52134.37815849 61247.52879727 60470.64044214 48073.39889895 51685.75297270 48196.84215808 41887.06240106 47531.39853979 42557.10730358 43314.28238523 42861.55139119 36937.48862046 38329.84615896 30305.02046443 30222.98876136 35528.60358502 33330.38988124 28655.45000844 32224.62510720 27338.57593101 27505.83400070 24609.10240571 25947.21711956 24113.10934095 24642.91896085 21530.87347846 21996.79784865 17658.52812565 18788.10184566 17455.33167903 18685.78347576 16622.37809163 18007.91616403 15057.48278692 14963.33616547 13392.08773128 13024.76563953 12872.97672578 12490.38675517 11692.07784266 11611.54604030 10876.53567000 9903.97524143 9355.78968642 8350.32250366 8465.46153301 7664.59590030 7752.79826017 7020.11412665 6648.94720234 6271.79204731 6140.02016665 5761.00975114 5404.66342228 5249.47138950 4822.15834576 4721.43901909 4016.78781127 3838.37512862 3685.32561490 3368.52110998 3021.61054352 3030.12411040 2597.97551456 2391.55759597 2067.04518099 2040.39266149 2057.54440995 1708.71676768 1462.58983272 1522.02833566 1387.35071962 1275.64499615 1096.25132937 941.18850468 857.73304108 743.67926135 606.38707913 486.68466858 480.80024363 429.96041641 275.73855945 298.59212422 211.41744285 81.75189211 72.32729329 29.04047284 17.53240493 -15.15024080 -47.12924456 -96.45220774 -71.94558230 -139.68444305 -144.63447797 -155.52710342 -181.97729656 -181.02219084 -189.33319277 -185.59048807 -203.80738731 -200.61376162 -198.79662492 -209.08094497 -181.22554287 -187.55406697 -185.69817435 -182.88035610 -166.62554597 -169.21718984
2662615.14676303 75130441.34180050 -1063771.86908206 1741050.95758615 524890.16663646 1376088.90501178 761439.25016347 1236461.57557819 1566160.35384628 1057939.41828726 974258.57657518 366170.34074563 848498.65351979 666244.95804201 522249.97757807 39651.86717561 442577.78635380 955758.05356033 456583.53890140 281349.14968218 871730.38116175 212471.12207264 403920.85888464 273910.77298745 277166.87212164 447697.40929040 -183714.47897422 414567.75964116 113574.15396193 269087.16025863 135903.71974544 204041.19995365 161481.98101172 75357.94832209 416093.62335132 277106.05326854 332654.01575694 303793.41316565 225994.51485630 197689.07697403 292092.07713797 143519.82507311 174431.02895891 169409.07732518 236852.52427847 194817.93083360 157997.81148740 156514.18393488 218883.08127954 126077.01213186 317774.73389441 212084.71375306 242825.84585363 169783.89051056 127568.25264889 130395.61341240 191351.56952871 146593.98546389 160736.99943056 163866.74410266 136837.92663089 155230.15366875 120310.97112520 149597.45675975 145667.88649371 118336.21197978 149189.94148773 101684.25256930 86904.62436753 111853.71504818 113686.29922940 101052.76509429 117511.93507853 98209.13279766 97294.53795415 106908.43178253 80605.44499057 86555.08409388 98061.30669188 71100.20634776 77181.79889324 79649.74666997 85912.52171778 74612.77310033 68689.76015322 82466.82476300 62067.69755505 67309.30797936 56735.97858310 63396.75703006 57579.81819679 49124.85275527 51111.07363733 45882.62798702 48217.35676823 48949.91569038 45822.03142700 43467.39349330 43298.71596037 41523.32649225 40737.49467308 40872.98447579 39319.64355315 37533.17626648 35752.76423518 32113.95876394 33313.94080855 35649.76304540 29348.40071337 29205.73608152 30192.99291051 27808.99229595 25988.62435213 26955.36625606 26180.91288862 24081.01797577 22242.45171714 20576.54706792 21607.27507023 19852.79126868 19964.61763442 18291.49503460 19266.02903203 16898.63912148 15628.83933459 16783.47654381 14925.94928076 14759.43953148 14753.71859811 13727.90447849 13425.68672565 13444.26689965 13101.13675098 11804.53834736 11849.34342540 11453.67712498 11489.52801602 10432.58578878 9611.91693227 9546.93796152 9403.02470271 8037.53205597 8097.57650373 8331.93219900 7408.51630603 7060.46666287 6786.11185672 6519.68161620 6028.31444895 6186.13358471 6012.95744447 5475.59578928 5142.51571456 5058.21529808 4603.99084332 4449.24444535 4072.07974773 4005.68543203 3709.96114556 3552.38043696 3262.01200233 3141.38137006 3143.26597915 3008.49626809 2728.55188716 2631.21064837 2456.87151550 2360.64134636 2240.23628365 2070.63477988 2043.49003280 1822.49084738 1715.31811894 1641.11010204 1521.50408042 1452.24308765 1404.09647566 1257.31062193 1147.34518901 1119.04220648 1015.41949267 929.08927769 884.56363202 798.14685861 762.27127248 705.67488456 613.09166124 580.16507937 538.05831943 509.09794732 470.53562681 420.20072779 377.12062128 354.14097323 333.32743099 301.00832540 265.92982999 250.77107787 222.39443239 210.35686216 197.39457587 169.69498485 153.81507061 140.75417943 124.80370595 111.17391509 97.58491684 90.70768631 77.69533331 72.25185149 69.50441378 52.94015812 51.55274907
1241690.42052642 -1063771.86908206 78308935.86124694 -3209769.82151570 753335.13875166 -319083.92882155 -439730.15296996 433392.69914463 407510.49105042 622761.80119897 -128245.62352499 -125343.78338350 507170.88663672 -329415.55475496 897576.77776218 111915.55058711 -406869.40676181 -436.96173779 231758.11626035 508424.31898265 391409.56028871 452779.07887730 501357.69373364 -126047.24022284 158070.18401768 202062.37944803 -40116.55465560 232364.84239365 320353.49540919 -63143.88696214 192109.81556918 112109.18811354 161028.53660360 34194.75394390 323170.27094098 165345.63281915 68176.02409620 223249.07698746 116894.59525725 144383.55117505 221493.28654099 102731.69973862 117846.47053492 23396.57076218 151156.43248540 143951.71984940 -110669.66340506 90395.39475887 66999.83859041 54162.58591731 247526.09199671 149967.00438085 124978.24453550 1407.55785326 9867.16996668 65159.84403741 112202.64546727 74420.25276308 105021.94336544 53889.21370614 79979.47820522 71215.56695404 100746.22357048 99081.64542218 86784.74885317 79181.98682150 84934.03955279 73551.77332780 41760.40796805 39082.64985630 60780.78459824 54250.17229837 55529.26428581 27164.56950771 60722.68125625 42439.44520404 51746.95730348 43356.86181820 37026.30859677 50078.75352981 44415.87961000 42295.07243577 26147.32021674 50212.70105033 35432.58037854 39123.90167768 35129.26929277 38178.97377818 24869.31261941 45348.59763789 44385.61522512 25043.24822245 26315.21031042 32612.20653664 23601.75722708 33937.06993422 24024.90052632 29114.98833001 27728.52316707 23832.17873869 24124.98579157 24713.79011140 17361.81496155 20153.49377559 20656.73707405 18846.09818573 19927.98696766 16337.54139074 16716.78266608 19229.48589294 15462.94831467 15285.76144844 15528.50948397 13971.67768904 16113.77309112 12217.80366984 12534.53845883 13120.44306918 12222.40725940 12758.86270324 10864.81496203 9646.45957710 9835.10833138 9325.76073392 11083.29067040 9149.42194183 9723.36987305 9379.44652628 8519.66816539 8771.19088010 7369.00524194 7063.60477567 7537.27796749 7762.85718474 5966.72191925 6486.16305700 6092.01324075 5634.10142395 5938.89937734 5282.96043500 5358.71404120 5251.27550079 4726.03214190 4831.72934644 4554.69802026 4591.08518088 4046.85179588 3827.94224727 3779.63602255 3402.26704300 3358.94723977 3367.14186282 3285.06367889 3060.44710340 2987.38979987 2959.32918145 2619.49117032 2528.75877333 2409.48661635 2227.43176243 2272.77447487 2147.82821306 2016.31223966 1860.27546160 1810.45594217 1544.61411954 1597.42913947 1586.12224585 1446.66969396 1428.01885407 1214.94948344 1246.16355580 1164.82887254 1129.16709253 1062.35316478 942.36369062 913.29438794 880.73632133 803.63989900 714.97754140 684.75548446 621.00356790 562.10832224 583.28613007 536.53223324 502.54143260 452.66727171 448.92186350 394.08496808 356.33750656 338.32242679 317.22784950 286.21802166 270.93473961 243.11941286 229.50546184 217.03093706 187.07448178 173.96235726 164.97538973 151.50756448 129.38159768 125.33954102 116.87287066 111.35566975 110.86933929 95.84925782 90.03847603 75.83735110 64.19743743 63.47841740 52.23670785 51.87294522
2297648.09251166 1741050.95758615 -3209769.82151570 87158715.22173294 -614785.97349238 1254759.13722117 -664554.62820426 14582.38698598 -207883.90124879 853509.95243802 303419.49905457 114001.70306584 -656266.31863888 1103338.53955865 535417.38480806 587025.38947443 339590.99474845 267441.12321810 115681.26071285 297200.40175412 296367.37890948 -62397.35136302 287737.64814672 47313.86788747 92981.17939499 285192.24295207 -16269.36710982 314089.96651187 109412.26016178 266842.49667548 336443.74807365 276187.19929756 235276.50103063 -39162.30924016 15189.64487788 143075.29777777 293265.89351746 350438.42990092 49631.87221141 -17405.80389981 30892.29586912 207475.37671983 111594.77703456 70808.61680553 77897.62956322 -44705.22862266 -153491.17273226 113672.82301581 117270.56537716 113608.41232295 96444.75401948 72747.07965224 10166.87273508 109220.85707011 106578.38112483 65114.81744418 68931.19454856 80698.90031374 57876.13987506 119343.05190383 59223.52092735 25293.07818670 43323.28990745 64009.18602928 12846.52201841 77629.64394672 62653.51050881 60123.59232766 57463.53079233 51431.75805811 7897.72821793 50713.67825934 61157.02223134 25870.34367444 44158.60399934 21112.11713650 38656.92758130 31810.38728178 40460.38984696 33323.31512873 39012.31699712 15806.90811494 38059.99147546 35164.86677764 26172.32197642 24869.99474847 31368.44671842 31199.83994146 32158.60856437 31559.80974560 17067.23996496 17864.88285703 14504.76013391 26143.38428310 16366.40220303 24064.86407974 18704.23977293 14349.77443813 17551.94522719 19261.85055305 17491.91201954 18096.33192952 13687.73280879 14641.31591470 11400.83593288 10524.60703073 11588.01481341 10491.28982882 9759.26533701 8284.35405186 10780.69230216 9255.01551015 7935.53562997 8874.89763500 7089.21875272 7889.68684087 8595.60992128 8202.15668233 5949.13516485 7405.65954129 7693.12704798 7854.19689081 6448.30810757 6775.18432378 5655.40489825 6566.83869489 5885.59303401 5015.54054828 4184.62148838 4452.00034095 4730.01259301 4296.38566197 4619.44630836 4317.76531477 3862.01661389 3729.03801323 4381.69384587 3736.12392886 3682.72384066 3324.70216310 3000.64999690 3260.59860154 2804.80225149 2530.19152471 2640.82561322 2885.65991614 2651.57938820 2464.32491096 2570.22439466 2586.13629778 2328.72741076 2001.60420196 2087.50680097 2015.43105035 1957.63629407 1688.44330053 1576.29704996 1569.85269985 1280.63034696 1382.20984030 1437.80554032 1212.11097898 1202.72184586 1097.07823604 1085.68103195 1078.66381030 916.95875672 926.58093719 877.60816999 860.14022211 854.07828143 663.32367217 665.64429066 634.23000161 539.83146123 534.75900222 553.26696334 536.77227243 416.40806976 406.36785961 356.82447162 333.23376600 302.91765444 319.43091543 293.90586305 283.50799811 242.11926497 206.04485277 231.68845437 193.10628030 174.60504553 149.33770589 151.90097514 139.68640225 138.03204638 122.29457646 96.54383555 95.83084986 92.77456069 82.10316233 80.95128542 69.10621688 57.43107585 55.43544251 42.92203556 38.85123482 36.76328095 34.51680889 24.66748491 23.90179665 20.94629011 20.73879672 16.31007356
-950512.31034940 524890.16663646 753335.13875166 -614785.97349238 19321608.64419116 479459.80685999 271820.34766039 -353104.25454553 269524.82175863 531371.98068674 360459.53073150 -137262.90000390 63259.40644531 693886.92310784 153188.31273664 375984.87784532 329436.19522085 246481.94105169 79061.62946965 477445.78507423 161358.28868264 182152.14433276 158413.76976724 293987.48659359 116276.54460386 189040.67187839 365235.28175238 203629.75670106 195673.75472488 136139.28556252 42008.75770443 153639.26172302 109825.28635064 134583.99443323 149860.74291294 60802.97791929 84984.84822788 118106.03075036 128376.37959175 98193.91748346 15416.77765377 170536.54413080 83325.97259771 165139.37788391 69603.60434264 99290.62359636 250189.21842901 77093.48332847 100093.09947758 74792.92577483 159353.12783327 82969.77213930 92513.46460499 39003.03908980 43066.03769626 101471.07095113 97588.87006575 59222.83570037 60062.02472258 66080.52694509 42580.08085108 57016.64731145 55597.66812684 56808.95174588 46239.57362601 62370.73965612 45030.89889333 63731.78416300 50375.70463368 43527.90886679 37132.49394845 47428.41349433 45814.57067883 35065.39198611 50617.30786806 37410.97147951 36132.45529288 40400.73277679 39736.77180760 35295.71261554 28356.24151502 35725.09415465 41340.02833462 36543.68187898 29904.09054833 30991.72549790 33917.26895756 25000.29469008 24070.54793482 26060.06880086 25962.31600539 21100.61932821 20807.23435867 22493.72933431 20283.01191517 20500.38329700 24807.62874629 19232.67845876 18564.89954556 19821.49066290 16183.70067353 18198.42320589 15864.10025860 17054.45499287 14923.15962264 13735.83297715 14433.83155883 13987.34156096 12973.12098626 12632.18718754 11786.75731002 11476.18121954 11632.83569473 10814.88594902 11023.34959176 10500.61987343 9795.96037600 10357.38297124 9720.19615938 9471.93536594 8593.41843556 8399.05958515 7779.47291923 7669.54858462 7454.01750871 7117.00788545 6544.39630556 6577.69186402 6661.68565512 6089.99115455 6199.52496242 5214.90997336 5596.46199626 5171.81218859 4956.37331469 4674.36664591 4757.07267719 4575.78559525 4513.41877761 4078.83699659 3937.87452788 3919.00161059 3582.03296577 3357.00523988 3348.37502930 3108.47101286 3113.82939399 2883.40148297 2715.84058816 2598.36154243 2600.95193228 2492.43091760 2428.80168060 2149.84163250 2164.47119854 2001.62773149 1910.96015314 1850.70487706 1762.98701800 1688.84052977 1507.29841888 1499.30779880 1422.01869387 1327.86450199 1316.81967281 1169.98566037 1148.10715468 1065.74294486 1005.60925627 941.96331977 833.80191176 830.07564155 780.76695254 724.17344965 694.95020229 625.86909209 574.09200343 584.51473231 544.70371633 503.66540258 475.39005005 443.02822377 413.92620212 382.43191106 368.56137303 327.97334422 315.38368973 281.08941170 259.91029912 244.31168699 219.25741339 217.06609622 190.99313259 186.42535693 163.05652910 151.34001126 141.98460352 135.49607969 123.90690033 107.59219124 101.00190764 97.02499711 86.04389462 76.04192781 68.00093562 66.75297759 56.11190652 52.99296853 49.59630215 43.15237015 39.40344636 35.98769603 33.14147975
2120496.67203795 1376088.90501178 -319083.92882155 1254759.13722117 479459.80685999 14696780.54836286 220582.14070359 -20723.91381249 285142.22518927 689962.65071482 515867.85098378 544073.50351819 82781.40601212 756925.29184763 420403.29451374 256305.25560706 28272.64208510 362566.60424175 312896.68380328 425163.88279386 127136.65977639 -5875.01461737 202269.67172923 165376.30698845 211855.61260408 157491.58041699 -163186.31158960 76381.02646614 218284.47880384 196423.02632007 82178.87309269 137722.29776793 106273.09488960 133313.64785403 120314.34051619 134471.89423681 157350.39941300 233963.89904606 143674.92505896 142375.80023496 177705.46629510 114735.70800772 27917.80918775 57407.44797976 86659.59621920 112871.50445326 46462.01495174 43438.57566851 61101.75894803 76631.48835790 -24691.20600668 75026.22885011 68466.99908429 53045.10013382 70195.32982585 75977.61182183 35453.63141738 55966.36798676 69137.84034987 82399.16272933 65148.01100889 52985.32831255 62605.14739349 64793.60676644 71042.51718310 52600.31876446 58452.95426660 38289.86670159 62458.52259580 44922.76127848 51689.72613922 43013.91236132 42359.99718189 37881.44326396 33182.57964043 51987.25463632 38057.21755081 33481.02638770 35539.29380994 37476.72203231 30396.16231183 24363.63999164 26590.95535737 28262.68663462 25123.85472525 27219.45677472 20958.85158690 28208.24856021 24881.29568415 25621.82039795 21851.35319702 20942.38716554 24364.95807016 22513.75107137 19191.30560388 19319.21531412 19451.02177762 17362.12264615 18687.41525375 19013.23175156 17140.67171526 15597.40566922 17473.96505926 15469.71904248 14971.84472070 14410.86913623 13214.68570826 12893.82050837 13136.42590145 11812.88341005 14389.12250688 11363.91220744 10340.94811771 10693.36736383 10026.16975254 10042.57245714 9975.34315715 9212.04468583 10013.34827283 8448.57811749 8633.46591542 8287.35546590 7939.60122675 7853.43711889 7624.35175816 7207.93564733 6565.86709966 6692.31581353 5986.48283322 5905.15567114 6223.36613487 5242.54988167 5263.48255931 4902.18007050 4721.95514354 4822.46205734 4710.10221192 4048.20858929 4273.45116614 3860.66953159 3923.16332717 3636.16243576 3583.34877417 3277.48912262 3112.90299786 3029.08965488 2850.01289826 2978.44845827 2602.91741715 2640.63544083 2650.82446513 2459.46496733 2308.98262939 2210.70553563 2187.10911281 2064.90766479 2030.12142107 1890.14849377 1805.82288062 1661.75702877 1603.17140938 1530.57460492 1491.36035497 1370.68219731 1308.10720986 1201.20439300 1145.75822529 1133.96145731 1051.51732166 1044.79879109 973.84571516 883.08127225 841.28779141 792.94923067 745.62791871 707.67381938 688.00191620 624.67428255 584.00576711 527.58851405 514.07316566 458.68949530 450.75358713 417.92191932 397.50769985 365.46157726 336.69845379 317.42057284 305.66288014 270.46939447 253.81633558 233.67394250 221.66688242 202.47365689 188.12138309 174.05148335 159.59595820 151.31742678 135.86268714 123.22574740 117.26775080 107.08242812 98.93113803 90.92720069 81.23708537 76.68125738 68.23995778 62.55269467 57.14758003 52.80257063 48.30740558 44.43612732 41.21185697
-665905.87486893 761439.25016347 -439730.15296996 -664554.62820426 271820.34766039 220582.14070359 19580406.16507881 261481.68360064 -205685.06485996 68661.01094955 323072.17546574 -127641.64455785 -57913.08265002 23787.21901548 -99172.42630836 207879.74095437 -89764.15143174 177196.36380563 236783.63075264 -110618.33609447 275505.78525443 55324.45951564 110542.77559109 103136.62704109 7216.06545468 24072.83018864 279459.42278736 35402.51844350 197560.63119074 117835.49117823 168969.61468450 42675.77064521 80158.74781609 100353.79216168 29233.49489975 96833.19168504 -153618.08917612 54107.48733293 36953.44023900 68391.88119440 157424.01919782 13745.96019205 29923.59833032 67724.76983677 47729.89662292 25379.26014817 -197009.54418851 48920.31928315 74623.29513045 53610.36147219 22260.17569936 28439.67270561 67799.96067701 29267.34690603 33376.01679449 31705.17708173 55249.66723494 30197.60438163 36899.95448454 58965.01664664 29488.98444474 27866.94881625 21819.88215213 51811.97627009 44486.90016883 40355.59007451 19467.90629270 9263.38254555 21912.88162476 18401.08926778 21375.90097671 18974.99650420 16850.33790312 17877.33518333 20684.22070187 -1863.79742349 25224.95274320 23377.41227025 18576.35586950 18325.64271427 17937.60267891 11294.80697714 22809.17855908 14157.83982907 11599.56113075 11249.87665818 12599.81382824 15989.08995911 10022.48958417 15506.40301932 9097.76911568 9672.76160501 6947.96185472 12651.00839690 10183.67923767 11505.54243254 11898.48714359 7160.56018271 8813.64209384 10428.12291372 7551.90952253 6994.76686540 8397.78589033 8203.33523748 5255.39957864 6644.90728645 5967.63907129 5904.65022120 7753.11789327 6449.92277712 5558.12683853 5815.91634277 4628.89585220 4687.76680331 5027.79674487 5042.17909951 3854.18194134 4114.21096125 4464.76861046 3857.04449579 3335.21080136 3931.99162461 3358.06666955 3322.77442543 2803.85628748 2832.25076659 3356.77915506 2868.40387642 3076.75051973 2639.58406183 2577.89464667 3005.85107929 2348.62420679 2298.06748745 2721.20357762 2151.71555932 2312.17974676 2067.89557808 2129.86987028 1859.13226090 1840.90793407 1781.61002608 1762.05830634 1785.22260828 1535.01499135 1498.04002012 1532.65605444 1311.50584683 1343.25171386 1378.12704009 1214.43364127 1145.21779716 1167.85799595 1117.32037824 983.42277997 979.54728472 893.43726873 902.14741140 839.53958914 863.06714386 771.10442491 750.12657835 761.57149197 693.03002957 634.58770991 631.41618617 521.61566338 527.18289557 514.25187277 477.82186536 450.71716676 431.70545693 409.18597987 397.14353527 366.76989442 338.23127915 295.94265864 312.59469364 264.07424598 257.62866882 238.74364302 237.79798092 218.08554976 209.04230566 196.21596460 185.03541020 168.59822602 150.31360324 138.63708119 130.44221353 119.52161554 118.13134514 109.42017339 100.08421855 89.61254049 91.23422787 77.37164413 75.09932398 72.73300251 66.67227133 62.27150285 57.64509639 51.04777752 46.75469888 44.24146464 36.27440913 35.02257809 32.25495055 29.31726541 27.49234783 26.93409156 23.60494178 20.89383304
1807005.43722806 1236461.57557819 433392.69914463 14582.38698598 -353104.25454553 -20723.91381249 261481.68360064 6431260.99512327 125950.31348047 -200351.22711721 214714.12459855 246819.12779003 70586.71130101 205557.54367337 132261.81972632 17117.33919728 124295.30468884 149756.02492041 141379.75931253 893.54080769 -50187.27835576 93993.59166140 36726.72162203 91650.50223769 73079.53562621 9707.29026534 87386.51987826 182853.05883830 36618.73532872 76635.42691159 117733.76377227 57266.33801025 52571.71158128 29032.80511257 19066.42488365 75883.78248052 110601.87579325 77456.97322060 88437.25178141 63262.71511928 141644.45836479 44603.68948238 75360.02341479 11089.04183536 92234.44473825 34180.22741795 68512.90154147 51134.40761467 23713.50564487 30701.72048302 40511.94626461 39548.33769317 34177.77070381 15043.46349076 31956.00704591 33797.90784965 60761.45396109 41431.54382616 12110.52892421 29884.73658426 31770.59370956 33358.81474704 23010.98232581 19103.21650379 27536.81047877 28214.74603417 41332.15587524 22139.81365165 27862.90017185 19436.68134186 21644.31525965 25010.28652653 19317.51134977 26815.71464597 19750.13452571 24430.79029927 19248.52390492 15027.56303199 15413.83741560 18984.63063099 14466.91172510 13161.21441812 19783.33737483 16221.44747939 12836.71755473 12781.40553762 12746.44212274 17014.93827405 14929.65575413 12860.20330836 13193.49422171 12701.42630725 10643.67125791 10698.74093436 11585.75495141 9812.54654076 11412.25916797 9987.87343375 9610.30336911 11145.41587943 8633.91709626 9984.99229821 8547.81089728 7068.48500307 6881.26090427 7288.51362600 7086.19803096 6982.42880367 7107.72623307 7202.56479001 6118.14173518 6523.18211817 5878.79717344 5653.69118476 5807.87108900 4861.93970168 5132.17036327 4741.44160098 4611.25479238 4754.96935181 3956.08960120 4073.94480106 4517.07360977 4280.68515260 3669.43021391 3682.04173898 3360.50545936 3287.10140168 3244.53548023 3058.67110093 3309.53520283 2775.08611075 2744.69009625 2779.94576628 2684.07572963 2367.33220266 2267.53365755 2180.05527991 2276.88219215 2168.80939075 2028.63943676 1754.63514368 1885.60093385 1717.56724643 1741.84750711 1664.32411652 1565.00053267 1439.08488647 1381.31546392 1427.30456334 1380.59194415 1227.27144034 1154.18825489 1165.31553094 1038.49693055 1049.96965882 929.39676670 910.23104398 917.96011642 842.97663531 798.35435173 787.81798417 743.57555881 676.58440954 659.02701632 630.69902690 600.19634013 561.82077335 542.89920153 481.06689423 476.45597671 462.62850355 406.74431105 421.41280625 386.24778898 370.03693423 337.41043764 312.63668721 298.69679563 291.12609501 257.11618089 242.79569084 232.13707691 208.49100487 191.22498339 182.45682466 168.51186295 157.70495494 146.28763896 133.96723393 122.47295614 115.09844784 111.88976217 99.92175971 92.94719476 88.12187684 79.19538301 73.35846572 68.28357478 60.65106133 56.29839871 51.53071546 47.04255212 43.36814829 37.90674790 36.38200601 33.67652718 31.31781280 27.91862670 24.96125890 22.14650070 19.86828838 18.15851925
665433.42740031 1566160.35384628 407510.49105042 -207883.90124879 269524.82175863 285142.22518927 -205685.06485996 125950.31348047 6947974.54430634 33094.11178148 -121343.88719828 103408.80539461 -115672.56602390 -145202.14896370 137243.09498388 -10816.68086420 48547.27455715 19524.90872448 -9054.88564864 13167.37171472 -30334.81994117 -24820.77720637 35197.54030204 1102.10006880 11118.22701019 88853.87537238 -179486.96854532 87629.26447906 31529.31533592 26831.31203482 121217.15171855 7907.64727352 31623.89035421 -28933.59116414 -97936.67760012 54946.42232432 26357.24383718 79403.83858209 -13056.89843985 10360.88735319 -6713.31987384 63921.17015918 35257.73005721 26293.35284019 84931.02368626 62260.58002519 110600.93251749 48758.59569382 43929.82688815 29981.16290523 38078.76478637 32129.21589846 35290.11128247 44524.80740944 51838.71728832 14137.81779799 27134.49119348 19159.62338711 49153.60201827 24928.06967806 20957.18559700 14312.46152992 30036.42658338 23732.11233201 23666.74132528 13056.92927322 17275.57654753 21888.74686205 19374.66518459 11990.14886105 11634.14598654 19662.03007714 15979.87362730 23143.58568088 18707.78030579 14241.63352631 10753.00843483 17118.93246303 12148.13103753 14611.16008666 12860.20772790 14374.20922002 15454.68629564 13219.59273237 12946.35381342 13972.20691410 9228.27197801 13542.02290707 8513.55054791 12290.21653732 11009.01185607 9466.39192559 9154.04562484 9777.91124125 8131.28898080 8560.75519560 8723.71043759 8381.39832662 6420.81410426 7667.53783611 7235.10773731 8850.05470675 6078.56679360 6286.50106615 5704.34741273 6096.37797707 5953.36099501 6519.42014692 5265.20002562 5586.97474979 4953.50971231 5532.20017661 3958.34412617 4318.45798398 4715.10321872 3971.76159955 4377.70935304 4167.39701545 3799.18223580 3901.07082980 3859.06525034 3703.99066537 3533.86442398 3318.99269446 3639.52483043 2830.97717043 3127.36147466 2650.81830442 2623.60115065 2657.38476104 2718.43125485 2377.28144166 2485.61709001 2316.72639607 2094.96440868 2020.45876856 2088.17594161 1888.76552247 1937.43872144 1685.33485949 1692.26714539 1546.46001842 1491.21423925 1499.90524024 1415.93427839 1406.27609738 1287.65953062 1201.36862778 1200.20027979 1110.41329051 1082.18416197 1023.30153232 985.52104437 916.22461342 828.80984927 867.54133732 835.81607435 722.66013745 708.10120794 659.40179187 681.47880797 634.23187685 596.28719098 528.32041213 565.93956682 498.86447744 476.92436015 449.58542682 402.34494282 415.39401710 404.07409851 358.56627736 320.90686555 315.53953771 290.96076078 276.74756434 269.67372928 250.16923219 233.41119853 219.53394339 219.82008578 192.92401634 183.41997538 166.91737191 158.12423881 143.38348743 139.34420805 131.15748845 117.80277441 105.58332499 103.53967702 94.63766659 83.37422621 81.45074300 80.50048749 69.16715429 66.81217394 57.17853282 54.48797145 53.02602185 46.99697601 40.47687941 40.96346820 35.51664730 29.93669585 28.56503158 26.97200450 23.57657887 23.95026345 21.13132274 17.41040371 15.30673504 15.01121713
715258.38641249 1057939.41828726 622761.80119897 853509.95243802 531371.98068674 689962.65071482 68661.01094955 -200351.22711721 33094.11178148 5076849.07732233 309453.56521927 -79342.25548963 87905.53771996 35956.60050575 85962.31126602 124545.84248921 24898.07819363 177716.52599425 94565.58065625 182012.80236754 65052.23246363 81749.27126584 133376.77910265 90791.90091859 51257.92996780 29312.85830244 24260.30681001 282.95792537 35299.61943160 85834.54947079 51013.65929771 19857.58929781 6656.60269100 839.08671279 -7910.41551884 34922.53932846 40673.87414857 79300.32092271 51685.65433848 67001.45539526 83573.54369596 67884.49977068 20476.17524225 45925.31114205 32864.65719498 31686.95043045 18933.43002380 44227.69610788 50406.13721260 63852.43912526 34463.97860233 26153.10611742 5564.30493643 36796.59137999 26934.13023054 25988.95695422 27108.79473080 24745.99146425 23521.12314458 37478.84662884 16287.16015304 25580.58706899 16172.30900501 19864.97739484 8569.74369837 23834.88496227 17093.70988685 24331.50143802 18286.19481473 13644.91172613 19919.81458313 20975.40587459 23870.07329018 13637.32733865 12454.15074428 21145.02660263 10680.71926625 12216.12538423 12677.85051034 12925.52982157 11407.91729889 10866.34841851 13238.34918382 12530.18991393 14718.02644869 11124.83486007 9589.74517310 11480.71599269 9566.33169485 11178.10482977 9005.68672130 7504.65225445 8432.06238258 9238.05061535 8805.15320441 8451.65209969 7864.66887172 7566.35109937 7487.47803587 7582.29474601 7717.88560680 7297.85432523 7922.75173667 7085.54694596 5831.68910578 5649.11615232 5745.35035484 5231.92116175 5769.65322763 4888.12838795 5365.09766897 5155.27371636 4889.96783805 5162.30052912 5190.73748209 4292.34173593 3979.50825083 3821.66524854 3532.46628096 3492.76704747 3461.48402318 3216.55052200 3335.79209970 3295.03724627 3291.06840426 2567.16488162 2869.31235267 2508.98719972 2607.48802780 2578.10578477 2483.30327960 2221.38489938 2190.05897497 2084.47192899 2029.53918613 2081.96021135 2010.39877265 1812.06460840 1740.89505196 1619.90824531 1530.22909850 1501.69979202 1443.65462733 1370.36290537 1380.76950438 1206.68734587 1221.62595699 1275.90169594 1058.56771022 1117.74415485 1035.57538485 944.44377697 949.74352258 906.97842588 810.79509384 745.43852777 703.42397307 679.87021880 684.57288368 647.03117428 610.29468353 599.86908658 543.57518001 532.76182927 524.84206234 482.76163682 462.41322465 439.57546980 418.86122926 413.05785032 352.39364271 349.04833978 308.20843603 310.29109539 275.25368266 273.40474150 260.31762431 230.60802618 223.01613503 208.66073224 180.74271972 180.39735283 174.06253263 151.91957821 144.67656705 127.71112615 124.81976750 106.08548615 94.27804430 97.55695480 89.48174791 83.82450102 81.66128697 72.66158883 63.86772985 57.36695143 53.71271921 49.30405171 44.97229764 38.45528184 36.57971795 34.30152642 30.72460601 26.99573401 25.43993057 22.44417302 20.49522422 19.69071796 17.68876694 14.78008021 12.96443755 13.07293296 11.73826347
-365784.44868277 974258.57657518 -128245.62352499 303419.49905457 360459.53073150 515867.85098378 323072.17546574 214714.12459855 -121343.88719828 309453.56521927 13233548.07081662 -270498.95885183 224952.05302351 335785.32340928 -60337.65188680 13553.40815466 57445.65908613 190308.95980574 32725.04130722 279664.09074534 -98694.81805502 154250.30587257 -84030.99324856 123796.22057042 51183.38320410 -11701.82439175 9937.74576901 -20219.72653526 40557.30065610 98769.98592223 33164.06014976 -18921.09924322 82976.72680252 30795.68192725 -85118.31283993 -65108.87631771 -9197.02951829 223859.49613502 21854.28180312 93715.04927540 86878.56358292 7982.02609521 -27908.20215877 3799.36374241 113365.82602364 13056.76430039 -77541.00532743 331.66087030 31710.34167562 13333.36419022 4290.01101162 42083.21477628 8694.59827907 63810.08888180 33982.32183094 23783.01751705 34062.14098036 12031.36811918 15268.28692425 21575.34693894 -22.29137095 8242.58900180 19573.42239188 24220.11274832 11646.30224815 22447.28729621 19538.85737214 24756.14762694 10076.94792261 19922.54961296 18346.97544778 9385.65909835 15306.22030185 24304.71519867 12390.52351078 29742.05354118 13285.45909708 4446.08880425 11965.85440129 12711.77798943 20468.72367326 11906.65977684 14412.46604366 11769.13215892 2227.77514097 12646.60339192 12532.23635427 6471.44524031 9644.57492887 11247.97188846 8862.84823816 9184.28020821 9810.70839857 4799.07720078 9088.15077659 5214.44760438 8965.46993959 6534.28520121 7190.09760136 8231.60074314 6764.63252035 5859.07185339 6549.04006823 4956.44209738 6114.72040651 4748.11815307 3415.71820045 4324.49197821 5098.05174347 4582.08438219 4952.43060895 3680.75826071 4436.97586158 4059.00789665 4293.07889913 3508.97815148 3918.74185400 3079.85473546 3529.86606931 3644.09226646 3597.64378793 3677.37640110 3121.77179066 2503.63503872 2525.93671606 2264.09954144 2616.75376895 2238.77542837 2339.51009228 1953.54640212 2164.62355047 2023.18677937 1552.56028753 2032.07213553 1871.74582768 1833.62515933 2066.39970549 1617.39536593 1590.14891551 1343.98502112 1552.00322835 1465.29565312 1369.21029100 1215.96273630 1272.25050763 1162.94420904 1036.64578305 1166.90888838 1046.55731759 1076.93607942 1082.56507318 871.43481157 952.82922823 829.98226081 782.31740617 810.01991759 680.66998655 641.42706662 665.78771677 562.68263172 582.64355574 547.00067476 538.57227462 547.24873982 472.82499392 472.15764035 429.34219329 444.99713438 386.42925545 354.66551996 325.82612873 308.17583855 302.57842993 282.55269591 251.73112091 256.30480331 248.94519308 208.99551270 190.29745742 193.89300345 185.05093303 174.57322306 177.52666093 167.20227408 157.07176387 140.05678118 121.74842922 118.71542196 115.09305366 103.68890122 96.70390172 94.17052077 87.75075244 80.54182630 77.90067674 72.82008917 68.01376698 64.95138442 53.68843599 50.14869247 48.32194472 45.91271830 45.17645164 38.14801966 36.33148875 31.94728341 32.50454813 27.13318937 24.67175620 24.10867106 21.36732784 19.12071378 17.40129428
585252.33309532 366170.34074563 -125343.78338350 114001.70306584 -137262.90000390 544073.50351819 -127641.64455785 246819.12779003 103408.80539461 -79342.25548963 -270498.95885183 4633467.35482288 -15692.66433785 -195106.88165113 -112953.21022516 11845.97409969 93513.62392339 174623.01099868 125188.99389430 78830.43795332 -33351.67551001 67483.93910023 37781.60769348 33725.57458545 32890.21290001 101555.53997126 30860.87784264 62501.78420327 42131.23893475 -6201.98283884 -2310.29355470 83323.51863112 47985.75922242 54687.06611484 -19681.40242900 29953.62770326 65511.38113386 117038.12363232 64732.69452588 17940.04756846 34642.00216139 34279.50476307 9264.53893846 18142.19907544 22569.99754952 16198.35275978 -76652.72646543 23685.57716645 12080.59543388 15903.79185823 47704.68899279 28537.63231197 21508.57696867 11580.36925206 16540.19857598 24317.52091705 41862.71103248 13097.66323001 17776.30033938 24328.43538752 18587.31072927 17292.65335689 12180.37777203 18176.91357154 23815.88372630 18186.32098921 10729.76235794 7319.31541300 10808.60764496 13430.27837235 13711.49500967 19339.57266323 7207.20813541 12533.51656392 11105.70664146 14685.04770610 13771.18616180 10278.62667678 9602.79116525 11592.56034644 12097.25164409 8306.98675389 3939.11472826 10026.55013220 8173.08970773 9284.15521545 7417.65735965 10500.13210604 7716.47081601 6223.97304202 6891.14623023 6521.57181544 6440.13298768 5218.01733701 7859.13573241 6984.10365544 6443.87869751 5520.76523344 6156.32041726 6141.66334574 5439.89444369 5050.76727559 5178.45039865 5183.92883945 4554.56206110 5062.49682217 4261.20214317 4306.11482062 4333.05636590 4011.90856175 3867.50629150 4099.79626287 3711.33286919 3161.19861304 3138.71097488 3248.05908601 2889.72872462 2531.68109133 2799.29911704 2724.71847644 3210.88899123 2495.16290352 2578.96473111 2339.14150626 1953.37989241 2238.55530416 1988.45552766 1941.02632378 1930.98116542 2043.38666848 1878.84515483 1662.44445483 1600.90313922 1614.90984902 1633.76459295 1442.08690318 1353.76622461 1166.56399362 1241.01461296 1233.14079895 1221.84138804 1137.14138864 1055.78621251 1004.91234671 991.31978700 917.20165736 887.94203249 829.31527819 795.91520858 778.35800905 673.15640847 694.61288128 632.91935468 628.94857418 591.74139551 547.46363532 534.84870270 475.79671880 475.81351083 456.38058536 387.94243680 420.84852112 400.32036263 352.69494069 361.14026571 317.31182970 296.77959325 297.16178457 270.46409992 270.91159110 255.77911302 218.20638055 219.46161898 201.11945099 189.33445440 153.38004477 156.07991965 139.22588081 128.74597994 126.57054542 114.82465962 109.73417393 95.08657839 102.87931970 97.04179146 84.89335607 70.26716528 76.84969325 71.65641937 65.27158144 55.48432931 53.19901847 47.24122202 46.08427445 39.38021020 34.19413080 35.07939444 32.18385864 27.77766257 27.15619965 21.88871787 20.02256185 20.86023708 19.24820889 14.73021245 14.32090978 11.14313402 12.30224808 11.12418226 9.37371672 8.96734035 6.91533532 6.49819954
-124732.26491726 848498.65351979 507170.88663672 -656266.31863888 63259.40644531 82781.40601212 -57913.08265002 70586.71130101 -115672.56602390 87905.53771996 224952.05302351 -15692.66433785 1860415.99697551 -63227.04567026 33855.10958920 104676.49432082 123122.60443060 -24375.23389614 36918.25507801 25237.01264812 48991.99811207 42335.50336935 80344.56799056 26555.54080817 34875.46547383 6342.73465545 -20338.71628538 36052.23349028 38991.23103397 56748.56551181 23950.98646230 39215.95894068 55164.05790356 29835.24155714 41189.59530453 32706.29197392 33580.74577640 73211.23759694 24245.84506102 26125.85833176 36374.41853231 18723.39599295 37696.40898565 28466.27239479 39158.25765001 8502.37719820 26992.49655823 16708.43671335 30244.44395327 24502.50271906 38027.58417214 19481.24503062 26069.56370521 15087.80949724 15031.47997862 16654.41480091 20529.08159876 17639.34140156 9534.81284266 14062.01601053 12188.17726390 12833.00790141 16163.61671256 12086.85775263 16497.00282397 13270.96592697 13723.18971894 12332.49644782 13020.10159682 9187.92686050 11351.76489132 10751.36853313 7528.01140342 9450.62155685 8714.11440952 10801.29722820 7723.34497693 6733.61181616 5557.89106697 7187.85024321 8986.08628478 9135.25429825 10509.47232127 7117.24527654 4878.01452523 5645.97337543 5655.61779086 6962.45973343 4643.39408247 6847.21069286 7563.07210535 6403.50829029 5319.90565657 7219.89274099 5212.98809946 4313.47564364 4419.65528101 5170.97211986 5032.98600174 3969.85174773 4274.03288176 4745.24624440 3887.32937057 4604.85356718 4263.69296898 3352.20542406 3299.37785546 2906.57523470 3307.24077875 3392.09946335 3328.14461368 2566.58909336 2650.59711963 2492.22658950 2585.03690334 2706.74572634 2479.19685501 2404.99861229 2225.21226081 2304.03390465 1950.99117224 1941.71214795 2039.62700231 2010.59829254 1814.09488655 1749.92996840 1668.43834532 1557.10012909 1548.89455829 1547.93613109 1423.08544317 1342.58102676 1330.65723266 1378.26389613 1347.48264867 1192.79807919 1178.27734717 1200.19035908 1059.57891424 1026.56948433 988.12704667 983.64513393 880.67197377 881.04578291 875.07857044 818.34568634 773.21780040 773.59235451 745.48993890 684.34781556 666.66381952 629.51443395 563.92302188 584.23731549 555.32975842 549.60723281 497.00275006 476.70069100 470.06544698 440.72356101 426.19963643 409.62955549 397.74146261 381.82698129 370.06888992 324.79280806 316.56707372 307.31749042 282.20103445 267.78462515 264.32177643 244.50203890 232.54040565 226.39292627 218.47833492 206.21562990 184.76559723 177.45200422 170.67098166 161.33874045 149.76148038 141.72744680 128.66203305 119.66217993 115.94271979 106.12809512 100.22410479 93.92382627 89.91784288 85.51105323 77.88169968 71.92125698 64.80055793 61.62573948 58.45004380 53.32098140 50.42836067 47.37628069 43.58555584 40.91255079 37.14651452 34.57789337 32.50435724 30.69170399 28.05925167 26.53139487 23.04955867 21.38196382 20.59725104 18.57798148 17.60548835 16.29060412 14.82191481
