238642738.43553436 1917343.77801683 894078.65153528 1654311.81416472 -684326.00338778 1526556.34738236 -479325.81818340 1300607.51499584 478922.57305588 514748.33829555 -263224.11726549 421134.51656241 -89746.92013386 -466871.39247718 -253235.43024254 476612.05734379 178895.43053838 1524656.91412831 610070.54894333 -103884.07395184 792778.28227985 598623.19461795 707799.94895826 701958.77053894 364828.82762629 326797.11573331 72324.26369054 587469.61050000 286921.09181277 306418.33293427 275362.23812004 130508.77748572 381462.06268151 82238.78308411 522465.61997838 401539.46396706 44638.78124168 783150.41626373 457525.61923134 468390.03238995 498460.25938009 310553.08858199 292600.48231646 431768.49170279 120237.92800747 248824.80282931 831292.26749476 362289.94075857 182119.88834005 178652.03998617 197824.40297061 143015.65870808 285826.83383008 135075.76782735 189313.41622111 193593.17762182 190870.77827469 166105.74014947 138427.68529109 179488.79593119 146285.63737067 124122.42092560 185772.41401757 168371.91941571 108761.24356160 174262.36027238 211013.57179937 109062.44877573 131841.17226970 95966.54325796 117699.98742805 102400.91530469 142540.69622403 124536.77401827 97044.48853981 127303.71884557 70111.94808825 106790.31149156 110624.79020152 84473.63088527 110125.71824149 99739.01925372 79547.34958640 99594.27952509 69361.08404898 75495.60003955 77678.36467069 78374.19787882 69096.93348061 66390.51202110 59460.02280455 74454.24194875 62115.83945304 72420.44600685 63983.38025056 58606.14228059 44910.52303851 53782.57892284 58651.69101673 56292.40909025 51038.22134466 42868.41203931 47537.33271375 40234.70493303 36801.32769063 43217.33981277 42652.54816684 33895.11977807 36428.08624095 33956.16848817 29499.60559437 33462.23473838 29949.28854527 30471.07597451 30141.80012853 25966.64265890 26936.13859415 21289.49928650 21224.80941503 24942.67695052 23391.97869921 20104.74647583 22602.02090272 19169.31483822 19281.02452274 17245.62591918 18178.38009132 16888.92924697 17255.55102610 15072.64129908 15395.06082472 12355.88433450 13143.24891639 12208.19508729 13065.95571281 11620.70405088 12586.79039398 10522.50008828 10454.72712347 9355.19567040 9096.98269042 8989.42178153 8720.80084413 8162.10556492 8104.62314035 7590.45491592 6910.72017821 6527.28822177 5825.00279240 5904.53885002 5345.26087250 5406.10171709 4894.60572554 4635.27931897 4371.85528755 4279.53508193 4014.94483514 3766.21639718 3657.70984751 3359.64644931 3289.16949919 2798.02636191 2673.51493043 2566.69668574 2345.86279237 2104.10590976 2109.87337304 1808.83497296 1664.99784917 1438.97327234 1420.32389215 1432.17030229 1189.29126346 1017.92144576 1059.22654938 965.44513930 887.66106103 762.78867104 654.85962294 596.76308507 517.38565261 421.85015840 338.56039849 334.45216357 299.07440698 191.79192073 207.67955899 147.04131149 56.85648988 50.30007568 20.19550894 12.19207953 -10.53516817 -32.77166531 -67.06666929 -50.02483394 -97.12184698 -100.56074703 -108.13116786 -126.51748288 -125.85023650 -131.62494806 -129.01991208 -141.68075112 -139.45749788 -138.19129313 -145.33725462 -125.97170850 -130.36814548 -129.07564310 -127.11466162 -115.81434353 -117.61363313
1917343.77801683 54097698.47202459 -765917.78565759 1253477.66317097 377872.24367577 990587.84820907 548055.44169569 889894.82879511 1127114.86689364 761314.41394755 701045.06543920 263470.56768228 610468.36226057 479281.79936440 375668.87932915 28520.57388366 318322.52664235 687369.69737400 328355.38568163 202316.20332099 626764.28969766 152756.47421075 290384.16862970 196907.37357925 199213.24450275 321761.83609008 -132019.13378066 297892.41137178 81604.27766488 193328.07909651 97633.94866266 146572.97804819 115981.84533427 54120.06557502 298801.29060767 198974.95013264 238838.82784300 218096.67457631 162228.00592102 141894.81666869 209632.30370626 102992.00315571 125160.44444812 121543.09426627 169910.56484771 139739.28050314 113314.69757689 112236.17063465 156939.98222255 90385.31226880 227782.37037707 152001.21792915 174007.39415959 121647.29572176 91386.03450708 93396.24749802 137033.15890401 104962.67418803 115068.78875519 117287.91672331 97923.62145944 111064.00543987 86062.98654381 106990.92950418 104158.74427738 84597.26190620 106630.73596931 72660.47983559 62084.98706674 79889.67869043 81178.74037999 72139.58864044 83867.95040439 70073.17876420 69401.93615239 76238.71026943 57465.30184290 61689.16213016 69869.27275140 50644.11076061 54959.12648107 56698.74829287 61137.40817483 53078.98790215 48849.23645705 58627.16130730 44109.95234949 47818.40406984 40292.59337305 45006.80933914 40862.40278368 34849.40208848 36244.96525034 32525.04263932 34167.11536136 34672.94930186 32444.85674188 30765.69355116 30634.36246318 29366.75708000 28799.68016472 28884.10489103 27775.46048841 26503.07511307 25235.97990978 22658.67782472 23496.20281376 25133.92126817 20683.36553591 20574.98420746 21262.47076512 19576.31114028 18288.11567523 18961.52060268 18410.15070065 16927.56684748 15629.75523443 14454.21872405 15173.21630239 13936.62962954 14010.66733835 12832.51646092 13512.10052835 11848.23588941 10954.77027213 11760.78667492 10456.28986557 10336.89311373 10330.21684091 9609.55379187 9395.71236924 9406.49257441 9164.31620725 8255.50455119 8285.05536654 8006.73545346 8030.17457656 7290.03789715 6715.30181509 6668.68108663 6566.98896398 5612.37589286 5653.36207212 5816.04147924 5170.65160710 4926.99228274 4734.84792601 4548.30925249 4204.94234478 4314.45453180 4193.13680498 3817.93358362 3585.25811492 3526.07539828 3209.07478216 3100.87542294 2837.71323333 2791.15989455 2584.84376552 2474.81556134 2272.31577165 2188.08824943 2189.21082985 2095.17073751 1900.05778569 1832.12873242 1710.60476750 1643.48279053 1559.54502616 1441.37677857 1422.38584648 1268.47543355 1193.80689011 1142.09095392 1058.79163142 1010.53628740 976.97971641 874.79832826 798.24637876 778.51598821 706.39150114 646.30420927 615.30271331 555.16668671 530.19006696 490.80471436 426.39496952 403.47942695 374.18195592 354.02915647 327.20120120 292.18933038 262.22462699 246.23822252 231.75914478 209.28171711 184.88735391 174.34334080 154.61085403 146.23834941 137.22356335 117.96460567 106.92300985 97.84158666 86.75207829 77.27621330 67.82916222 63.04765794 54.00216786 50.21770980 48.30724059 36.79402144 35.82913100
894078.65153528 -765917.78565759 56378793.75590739 -2310733.23416767 542294.98109938 -229679.50200531 -316480.01143327 311896.46576443 293252.38330356 448121.75035668 -92275.21307932 -90182.55733776 364869.13219759 -236958.29061778 645608.44328219 80492.58172093 -292619.72714302 -314.23650107 166659.33728990 365579.79023077 281400.13125317 325504.40504914 360408.59753488 -90606.01117433 113605.05363383 145213.24061704 -28826.23514393 166957.19438063 230162.03342561 -45363.24115965 138003.42649549 80528.21167734 115648.39134794 24556.10803848 232056.43461017 118717.82312115 48945.71027566 160262.22453036 83906.02889892 103626.87009387 158953.39250214 73716.86997030 84553.33428945 16784.81748324 108427.58968857 103246.95178494 -79366.01340263 64818.09297588 48035.90375475 38826.84928932 177415.89797449 107474.20001198 89552.56251335 1008.42368219 7068.06669772 46667.79549319 80346.60698466 53282.01981320 75178.30667610 38568.70870698 57230.87052791 50949.85881128 72062.73825329 70857.65323357 62050.62091285 56602.52989131 60700.94432370 52554.33112785 29831.78533496 27912.26421275 43398.15684673 38725.53140875 39628.42167456 19380.88363674 43311.66413136 30262.44992638 36889.00448276 30899.03622727 26379.69485064 35668.29941980 31625.25211810 30105.76378800 18605.80849908 35718.55158670 25196.45052378 27812.02149150 24963.81031510 27121.58129247 17660.42931964 32191.84356631 31496.81642922 17764.60404906 18659.94388443 23116.42008945 16723.22596469 24037.20592719 17009.98475864 20605.85008224 19616.94493167 16853.82205368 17054.19476693 17463.55761614 12263.59001693 14229.90821517 14579.51489461 13296.36635306 14054.19280723 11517.57656231 11780.40625484 13545.96133953 10888.56562516 10759.78241432 10926.63017721 9827.59583813 11330.27904415 8587.83401769 8807.41928611 9215.97800697 8582.32987153 8956.10033921 7624.14176608 6767.08107233 6897.32371608 6538.18242135 7768.12267541 6410.89859049 6811.19420397 6568.52981421 5964.87608456 6139.43407278 5156.71196283 4941.82983641 5272.01238768 5428.58965179 4171.64871652 4533.87152651 4257.49788951 3936.70875778 4148.89361584 3689.97998823 3742.22672467 3666.56712582 3299.28031878 3372.52494884 3178.66256920 3203.57303916 2823.40464663 2670.29830001 2636.23991436 2372.71625209 2342.20491610 2347.62760090 2290.12610210 2133.29033469 2082.13116459 2062.34886915 1825.32404145 1761.91958064 1678.65040537 1551.66720378 1583.10702354 1495.94117854 1404.21965163 1295.44209260 1260.64660089 1075.45234849 1112.14045656 1104.18695455 1007.03433661 993.98255487 845.61742463 867.28643769 810.62937473 785.76375108 739.22577094 655.69510849 635.43362307 612.74823793 559.08154000 497.37536793 476.32819906 431.96089862 390.97642383 405.68882328 373.15447700 349.49964784 314.80133329 312.18452547 274.04012929 247.78215475 235.24693250 220.57163591 199.00361949 188.37132375 169.02707143 159.55727552 150.88032149 130.05087310 120.93225654 114.68181558 105.31702900 89.93443837 87.12267282 81.23565813 77.39903480 77.05932424 66.61826461 62.57830688 52.70723329 44.61659457 44.11606222 36.30267482 36.04924363
1654311.81416472 1253477.66317097 -2310733.23416767 62741977.81011650 -442530.05738581 903127.64793489 -478257.94065146 10493.70728631 -149587.42241376 614121.22988712 218301.86907875 82016.74894854 -472100.42091708 793611.69293095 385089.36581227 422176.22353800 244217.16996539 192314.87270951 83181.96493245 213686.31989223 213056.47113275 -44854.71872193 206830.99057640 34008.19536728 66821.19014858 204941.50781846 -11689.78222112 225662.94245223 78603.46156892 191689.89689865 241670.83403620 198372.67836192 168961.11492861 -28121.58589216 10906.39687562 102721.01881027 210530.96764704 251550.21008755 35623.03007034 -12491.66163660 22168.22309979 148867.68629314 80062.56337378 50795.11995772 55873.88586351 -32061.96714064 -110067.94167511 81503.83671318 84072.25422932 81435.67742794 69122.84776329 52130.93714868 7284.54530059 78244.50114939 76339.37726804 46632.48304749 49357.33623181 57773.49213458 41427.00248664 85408.64961993 42375.75730082 18094.27552401 30986.66788705 45772.78345612 9184.58948985 55489.20542335 44774.47898607 42956.78303294 41046.70343802 36729.40552283 5638.69535526 36198.68874872 43641.79963667 18456.29014993 31494.93598440 15053.50518820 27555.66612987 22668.74690253 28824.43995111 23732.77691698 27775.95100251 11250.66696804 27080.80135811 25012.70702361 18610.16837289 17678.18013360 22289.80327888 22162.28758468 22835.27197492 22402.05336371 12110.41912695 12671.74750088 10284.55495579 18529.92513102 11595.79163032 17043.72497405 13242.00816279 10155.24613001 12416.56173639 13620.84747085 12364.39584082 12786.60899050 9667.75158786 10337.20975057 8046.17570171 7424.87037635 8171.89884757 7395.62285140 6876.95466001 5835.42206826 7590.95616049 6514.25906708 5583.46993935 6242.14058591 4984.40362909 5545.25764354 6039.32619059 5760.92808046 4177.08922882 5198.07082680 5398.12575033 5509.43011591 4521.87659220 4749.69085712 3963.53337627 4601.00879267 4122.57105436 3512.20755989 2929.58694073 3115.99269286 3309.76964927 3005.63416009 3230.89822420 3019.22803268 2699.96126838 2606.45134115 3062.01346528 2610.36575226 2572.56850826 2322.04623277 2095.34875648 2276.47894806 1957.92592329 1765.94605415 1842.87562982 2013.42700906 1849.83044721 1718.95233149 1792.57550183 1803.43411329 1623.72256028 1395.46021923 1455.17413613 1404.76764887 1364.33073460 1176.59446558 1098.32928046 1093.72728753 892.13585530 962.80783769 1001.44141759 844.16787910 837.55613352 763.92339487 755.92569975 750.98064450 638.35064742 645.00158295 610.86749534 598.66730595 594.40827214 461.61984319 463.20568979 441.31838774 375.61059855 372.05998787 384.91568128 373.42010929 289.67049634 282.67193288 248.19719482 231.77724998 210.68159800 222.15689840 204.39607505 197.15674896 168.36750568 143.27613203 161.10171005 134.26918437 121.40076820 103.82914945 105.60780729 97.11262444 95.95950944 85.01630931 67.11304872 66.61553572 64.48923767 57.06985191 56.26774302 48.03326406 39.91733201 38.52937589 29.83149266 27.00163282 25.54996372 23.98820629 17.14286478 16.61042473 14.55624068 14.41178737 11.33398500
-684326.00338778 377872.24367577 542294.98109938 -442530.05738581 13907002.84921278 345074.14105593 195607.23078693 -254082.47750684 193929.74507005 382309.95811522 259323.52643461 -98745.16046277 45504.13082559 499067.64062381 110170.70505012 270382.57636199 236898.75660051 177231.62860770 56846.45171461 343259.70895970 115991.73594030 130932.57507801 113863.17510220 211298.01538858 83556.97559754 135837.25887837 262409.72368652 146291.42302788 140565.81012442 97791.05562232 30173.31701677 110344.82272129 78864.58036175 96635.42675113 107595.22465152 43650.67344579 61005.27236683 84772.78896700 92135.45013737 70466.41075243 11062.30798514 122355.29637916 59777.45927546 118456.24518598 49921.52025347 71205.16898538 179397.94745291 55272.67904248 71752.86553845 53608.81209718 114202.35071612 59452.66193967 66281.36524111 27939.46802681 30845.07627764 72664.51788479 69872.71790090 42395.68335393 42988.80372435 47287.85905576 30464.99910694 40786.14206396 39763.21249133 40621.24524418 33056.69600402 44579.30000522 32178.60303034 45531.75016978 35981.44072891 31082.91721420 26509.52857048 33851.48804742 32691.23893024 25014.53002466 36099.05858511 26673.27081772 25754.46265099 28788.51332888 28307.06459268 25135.86008014 20187.72119729 25425.88985322 29412.70949670 25991.74634574 21262.29236992 22028.20232336 24099.36145009 17757.37583669 17090.95592875 18496.96384199 18420.89595166 14965.90482172 14752.33444005 15942.07182966 14369.81137657 14518.25848398 17561.85886762 13609.95185277 13132.28016854 14015.67026176 11438.91655996 12857.89959829 11204.19988956 12040.16673088 10531.37407102 9689.67982752 10178.10699664 9859.44547666 9141.02595661 8897.41020005 8298.80600754 8077.12327868 8184.36461585 7606.12705389 7749.96685885 7379.86367715 6882.24686952 7274.21052422 6824.43001343 6647.96332385 6029.44711906 5891.24379752 5454.99726708 5376.32445797 5223.72930046 4986.15299570 4583.72917743 4605.82455755 4663.43346184 4262.15600772 4337.75804436 3647.96878553 3913.97774180 3616.18854298 3464.80538052 3266.98412548 3324.11692621 3196.81272190 3152.64351552 2848.56349903 2749.63020712 2735.98165562 2500.31672669 2342.86623710 2336.47875577 2168.74756148 2172.16865128 2011.14054865 1894.00939444 1811.84019029 1813.41387593 1737.53605371 1692.97506415 1498.35409638 1508.38048332 1394.74581837 1331.42764117 1289.31415712 1228.08310903 1176.32064190 1049.77464342 1044.11582178 990.20580559 924.56491809 916.80000105 814.50661027 799.21451534 741.82475937 699.91783467 655.57399057 580.25847421 577.62779265 543.28102326 503.87090056 483.50923224 435.42143710 399.37769144 406.60669790 378.89328037 350.32965017 330.64637344 308.12336886 287.86997883 265.95515936 256.29820110 228.06378079 219.30048876 195.44654784 180.71353682 169.86176546 152.43699210 150.90834471 132.77755106 129.59790500 113.34900826 105.20109275 98.69499077 94.18209653 86.12421333 74.78234024 70.19994327 67.43417646 59.80067041 52.84805555 47.25861625 46.39031078 38.99442209 36.82619291 34.46507788 29.98653487 27.38090262 25.00689516 23.02873319
1526556.34738236 990587.84820907 -229679.50200531 903127.64793489 345074.14105593 10576753.09103158 158724.23242767 -14911.23070923 205152.65446926 496377.95931298 371102.44556752 391372.37985113 59542.69070576 544369.35962665 302326.73504808 184304.43366941 20329.55209609 260683.69557592 224961.66016169 305650.47707144 91385.33606773 -4222.72033652 145375.45195199 118852.90722704 152230.09413704 113159.48058384 -117235.96802621 54869.75989382 156797.78546295 141084.08056795 59021.92172623 98906.30026954 76308.50198702 95716.65529180 86375.87453595 96531.16958422 112944.12992195 167920.29739253 103108.04791620 102165.36468633 127503.72443238 82314.02958382 20026.65159964 41176.12809248 62150.22154704 80938.94590038 33313.23948035 31141.41699527 43798.45306717 54922.82523846 -17694.02763407 53756.93162428 49049.85638467 37995.73983467 50272.33976515 54404.61458321 25382.71185936 40061.71272015 49481.30535338 58961.55115412 46608.57190542 37899.76596254 44771.83316553 46327.46748945 50784.81927895 37593.31932066 41766.97119085 27353.44741524 44608.64887190 32076.74994487 36899.63447006 30698.56393199 30224.11745319 27021.54107924 23663.38805640 37063.30293238 27124.51609946 23856.05932363 25315.17853303 26687.22027334 21638.50906523 17338.63482795 18917.69205468 20100.48557241 17862.23123920 19345.62213845 14890.93917564 20034.55625759 17665.39355751 18184.64467474 15502.99481711 14852.64865552 17273.56609717 15955.15779518 13595.43444490 13680.81509407 13768.84769794 12285.40802346 13218.02957661 13443.22440757 12114.48172667 11019.41615618 12340.33110828 10920.61330509 10565.00035790 10165.16768910 9317.77383732 9088.01168797 9255.45218433 8319.76243907 10130.37514943 7997.55307634 7274.94444924 7520.14242799 7048.41172808 7057.45834342 7007.78903068 6469.36737704 7029.76203169 5929.30048627 6057.12668873 5812.49038786 5566.89463385 5504.84867887 5342.72876246 5049.50726169 4598.44921350 4685.76215841 4190.47580508 4132.51062114 4354.13820909 3667.04987406 3680.84837575 3427.42158750 3300.70445572 3370.25697647 3291.06745697 2828.03224706 2984.81849502 2696.01392190 2739.16852178 2538.34683107 2501.06210484 2287.21336934 2172.01728472 2113.21778428 1987.99597322 2077.29100785 1815.13190652 1841.19041018 1848.05769629 1714.43602205 1609.34486863 1540.66719916 1524.05096606 1438.74008009 1414.35326870 1316.70187407 1257.83519522 1157.37619827 1116.46918594 1065.81622505 1038.41918643 954.31196454 910.67116507 836.18222873 797.52420066 789.25455798 731.81983478 727.09361674 677.67070209 614.47049374 585.35272775 551.68605809 518.73218349 492.29948130 478.58810433 434.51286599 406.20348761 366.94422327 357.52676371 318.99361077 313.46033680 290.61591442 276.40839776 254.11449761 234.10540407 220.69298848 212.51023173 188.03533449 176.45160022 162.44318376 154.09113812 140.74451271 130.76383274 120.98016295 110.92915212 105.17209338 94.42781107 85.64257319 81.49964694 74.41912805 68.75257131 63.18873520 56.45343775 53.28633026 47.41941151 43.46648743 39.70980540 36.68990964 33.56581629 30.87534928 28.63454480
-479325.81818340 548055.44169569 -316480.01143327 -478257.94065146 195607.23078693 158724.23242767 14087609.87854300 188115.99176962 -147965.71460540 49390.09170478 232379.40788354 -91805.29272361 -41650.00636425 17105.15675493 -71308.96179953 149462.81924289 -64536.74782593 127386.55926343 170216.61717618 -79513.07819996 198006.37395123 39759.71656971 79438.93349618 74112.62157372 5184.46249931 17294.31990570 200742.18028253 25428.71759690 141892.74980868 84626.12640980 121340.14502467 30643.88338498 57549.72539789 72042.60730151 20984.49553235 69502.91570526 -110250.58558853 38828.84234169 26516.07221018 49069.85705393 112936.88673948 9860.36692389 21462.66051091 48569.93639677 34226.24425631 18196.79571362 -141237.11067549 35066.69273558 53483.79470617 38418.20555346 15949.81748806 20374.58070863 48565.58458108 20961.17957988 23900.01186308 22699.85141385 39550.29185898 21613.12730071 26405.46992703 42187.44837757 21094.40030295 19930.26393391 15602.34823099 37040.70923899 31797.31486103 28838.23862921 13908.76264389 6616.68631046 15648.38730261 13137.42286649 15257.55673150 13540.46410202 12021.23401912 12750.55565738 14748.52793571 -1328.58294881 17976.20695060 16654.78806019 13230.47555529 13047.99223244 12767.78940143 8037.00561082 16225.07031150 10067.75948989 8245.81759364 7994.54478594 8950.79204347 11354.55409270 7114.89786652 11003.95069623 6453.79115822 6859.16009489 4925.11635337 8964.39778178 7213.33350674 8146.52360989 8421.50388525 5066.13193825 6233.26549695 7372.18762530 5336.74573646 4941.08349641 5929.83868471 5790.25638877 3708.02518715 4686.57995228 4207.27216237 4161.25341347 5461.84712957 4542.05359810 3912.57254752 4092.51371678 3256.03799005 3296.25126841 3534.08227568 3542.94449932 2707.24847806 2888.91701522 3134.02885041 2706.55724368 2339.63170965 2757.41158706 2354.21627151 2328.78398253 1964.53008280 1983.86691709 2350.63288632 2008.10698056 2153.40942894 1846.97431760 1803.36964153 2102.25036834 1642.21874195 1606.51127505 1901.90380474 1503.56355065 1615.36540181 1444.41773262 1487.42467991 1298.11306559 1285.15989527 1243.54946827 1229.69781633 1245.66290528 1070.91016838 1044.95665584 1068.94684970 914.57687231 936.58659263 960.77621284 846.54700290 798.19952033 813.88158868 778.57129760 685.19160950 682.41700863 622.36144583 628.36468366 584.69920476 601.02749196 536.93622989 522.28206100 530.20463522 482.44563532 441.72566653 439.48338803 363.03144360 366.87899531 357.85439762 332.48068572 313.59951595 300.35206951 284.66661456 276.27198997 255.12760050 235.26252231 205.83657866 217.40691177 183.65184349 179.16024356 166.01914443 165.35376379 151.63973835 145.34535661 136.42148083 128.64274472 117.21037338 104.49475255 96.37386623 90.67388626 83.07975706 82.11057392 76.05311031 69.56187494 62.28177764 63.40696541 53.77103082 52.19036455 50.54450763 46.33148590 43.27222341 40.05635877 35.47116976 32.48731635 30.74031320 25.20401127 24.33370588 22.41029817 20.36883099 19.10056164 18.71235997 16.39915015 14.51539810
1300607.51499584 889894.82879511 311896.46576443 10493.70728631 -254082.47750684 -14911.23070923 188115.99176962 4626466.29362695 90599.62801967 -144108.78930619 154428.52495309 177510.05794453 50760.99911475 147803.81045285 95094.73935974 12306.25991894 89356.81773120 107651.95704101 101626.35321263 642.23602132 -36067.07445029 67544.99423432 26390.88942181 65854.11604471 52501.03636887 6973.37749378 62767.25659151 131329.21690644 26298.55978296 55033.45147759 84540.68215639 41117.87526827 37740.98858512 20840.75540224 13685.34924723 54462.37442921 79372.46401972 55581.00842188 63453.90867961 45386.52099939 101609.24569961 31993.19418041 54047.99506055 7952.11849360 66134.90181495 24505.28365129 49113.71011893 36651.14764156 16994.65594214 21999.85800222 29025.45669442 28330.95039872 24480.01808843 10773.30669812 22881.52381782 24196.43996238 43492.76391778 29651.39023593 8665.62727987 21379.96989238 22724.87596559 23856.29879404 16452.86555300 13656.02985060 19680.70997752 20160.90385992 29527.46280875 15812.98035793 19895.97546406 13875.78574995 15448.03481000 17845.93622499 13780.35600490 19124.25508850 14081.48296303 17413.91046515 13716.20453245 10705.32993681 10977.27464273 13516.22616380 10296.65036128 9364.40625807 14071.65969167 11534.38028776 9124.62394727 9082.24927225 9054.30544467 12082.18661779 10597.70129632 9125.44867610 9358.55186915 9006.20383387 7544.30687782 7580.49334363 8205.86679829 6947.29556025 8076.78193077 7065.96287026 6796.19976669 7878.71408573 6100.93547381 7052.86395758 6035.34097085 4988.87358618 4854.82726119 5140.13941618 4995.51384501 4920.45572560 5006.82795541 5071.70211285 4306.47874182 4589.86931475 4134.94135560 3975.16552592 4082.11030257 3416.05200380 3604.67234237 3329.10689031 3236.62196662 3336.40769172 2774.97550199 2856.75486963 3166.52582709 2999.92540890 2570.81242390 2578.92292831 2353.07336148 2301.06279497 2270.67866430 2140.06499272 2315.02357783 1940.71724357 1919.02048445 1943.23868102 1875.81974467 1654.11217554 1584.06044729 1522.65157836 1589.97866768 1514.23208066 1416.11584711 1224.63330303 1315.82076349 1198.36944459 1215.12057939 1160.86466206 1091.42706754 1003.47190982 963.05752898 994.98942800 962.30212779 855.32826870 804.29739121 811.95699572 723.51212433 731.42535442 647.36407902 633.94959396 639.26946249 586.99461270 555.87102208 548.48565061 517.63874014 470.96337862 458.70452071 438.95271340 417.69164208 390.95624431 377.76220385 334.71463130 331.48424138 321.84317307 282.94765755 293.13380914 268.65726827 257.36701105 234.66175837 217.42050970 207.71536887 202.44050574 178.78232770 168.81682202 161.39849152 144.95163598 132.94189818 126.84092097 117.14192391 109.62518993 101.68486820 93.11753787 85.12512989 79.99672898 77.76402941 69.44397536 64.59476473 61.23951324 55.03452519 50.97689349 47.44905062 42.14423812 39.11872848 35.80503434 32.68574367 30.13202204 26.33686895 25.27695663 23.39678938 21.75762575 19.39570283 17.34081945 15.38509455 13.80218002 12.61421085
478922.57305588 1127114.86689364 293252.38330356 -149587.42241376 193929.74507005 205152.65446926 -147965.71460540 90599.62801967 4997574.47051933 23802.52808511 -87268.74003590 74366.19610747 -83178.57526902 -104399.67554644 98670.28805267 -7776.02659409 34898.89837544 14034.61591876 -6508.42594431 9463.53208313 -21798.80001341 -17835.45504359 25290.53826686 791.85014190 7986.96035162 63825.67670687 -128912.64506984 62933.54345523 22642.11845263 19266.95014946 87036.75460151 5677.43846023 22701.27996986 -20768.28773811 -70291.99656200 39433.09953383 18913.90739584 56974.60090705 -9367.78815610 7432.75662993 -4815.53866306 45846.42002208 25285.22402568 18854.22494607 60894.46625709 44634.62004537 79279.89473343 34946.15765840 31481.10737443 21482.23842629 27280.52349699 23014.78545649 25275.21883219 31884.31792143 37115.94955307 10120.87193384 19421.57410724 13711.17917783 35169.49538244 17832.82718976 14989.35841391 10234.83110462 21474.77130756 16963.99942212 16913.73351929 9329.29441414 12340.83417819 15632.72049775 13833.97599874 8559.21508348 8303.05264254 14028.87738832 11398.73076214 16504.39816149 13337.50180031 10150.61816437 7661.96920725 12194.44589153 8651.01605701 10401.88124720 9152.54793368 10226.85592645 10992.07933739 9399.32422948 9202.00267344 9927.81567386 6554.81505514 9615.51610413 6042.91511036 8720.46856715 7808.56183810 6711.93364233 6488.06003793 6927.63159043 5758.81880705 6060.66135371 6173.64804853 5929.09891402 4540.38864669 5419.87017505 5112.19550382 6250.82905097 4291.62723200 4436.68960395 4024.25617347 4299.14118798 4196.65234881 4593.90147266 3708.69181078 3933.84429524 3486.50013821 3892.35637872 2783.99415726 3036.16749946 3313.85014731 2790.43539248 3074.57823291 2925.87726343 2666.47107892 2737.09027332 2706.75563694 2597.17739051 2477.13482317 2325.82674653 2549.70736287 1982.71328780 2189.69102292 1855.53531240 1836.00922188 1859.18461646 1901.43140368 1662.41823829 1737.77848331 1619.34156789 1464.01956611 1411.65847168 1458.67651175 1319.12202385 1352.85922169 1176.60626282 1181.23616714 1079.27429182 1040.54504767 1046.44087156 987.70268543 980.81742716 897.95623644 837.66233542 836.73314864 774.03456916 754.26017713 713.13165761 686.72017381 638.35952338 577.39018010 604.30659379 582.14618199 503.28162914 493.09361142 459.13731994 474.46544298 441.53114103 415.07926551 367.73624451 393.88891038 347.17788357 331.88363800 312.83582408 279.94437234 289.00366956 281.10917110 249.43376988 223.22226886 219.47540606 202.36756483 192.47109009 187.54104965 173.96759473 162.30565447 152.64825746 152.83979473 134.13278267 127.51917216 116.04093807 109.92325637 99.67180140 96.86004985 91.16581227 81.88005246 73.38412535 71.96118178 65.77194425 57.94208454 56.60352070 55.94141383 48.06420838 46.42638382 39.73104865 37.86045350 36.84365801 32.65370733 28.12281819 28.46021058 24.67534614 20.79818203 19.84480083 18.73769146 16.37852389 16.63779078 14.67924465 12.09421795 10.63270319 10.42724207
514748.33829555 761314.41394755 448121.75035668 614121.22988712 382309.95811522 496377.95931298 49390.09170478 -144108.78930619 23802.52808511 3651219.23663757 222539.74911104 -57055.02363625 63207.50435381 25850.92162635 61798.12202785 89529.10779446 17897.15469893 127735.21275307 67966.88905810 130805.92018373 46743.87069554 58738.65648375 95829.07239583 65228.94876446 36819.53977800 21054.67409477 17423.29086527 203.20115981 25348.00839348 61631.74961440 36626.58200336 14256.17348219 4778.14127605 602.24956725 -5677.15968321 25061.01239111 29185.56502348 56896.56397158 37079.88296788 48062.73698205 59944.26670604 48685.83639005 14683.60172207 32929.57481570 23561.98510372 22714.87887644 13570.78206117 31696.68623739 36119.79086569 45748.81516979 24689.17401918 18732.74325511 3984.96140772 26348.38327877 19283.26571835 18603.54460544 19401.89964919 17707.77511771 16828.29609680 26809.52192554 11648.41279120 18291.45092485 11561.75110183 14198.78652918 6124.07011346 17029.11617526 12210.11056110 17376.16269673 13055.91923968 9739.83043777 14215.42587118 14964.98333743 17025.82670728 9724.55221139 8878.46013493 15069.96424976 7609.95724793 8701.42086881 9027.64718457 9201.25034984 8118.42332806 7730.59823190 9415.09688547 8908.56000531 10460.57995612 7904.12082934 6811.11832009 8151.34603869 6789.73009613 7930.85054085 6387.20493329 5320.65435857 5975.94923101 6544.70885886 6235.65725817 5983.02548221 5565.34854825 5352.17130781 5294.31521696 5359.26114516 5452.95721005 5154.16310272 5593.30043606 5000.28471117 4113.82028755 3983.47070724 4049.75354570 3686.42326581 4063.74907089 3441.55221371 3775.94449246 3626.91803038 3438.99920553 3629.20594341 3647.89246673 3015.46568866 2794.72663752 2682.96601762 2479.11160135 2450.45204423 2427.73098089 2255.24333598 2338.13744717 2308.88707801 2305.44019923 1797.82996257 2008.87949122 1756.13949276 1824.61260004 1803.59952140 1736.85422987 1553.29810032 1531.04268982 1456.90444815 1418.20487488 1454.53231042 1404.25317158 1265.47014577 1215.53795175 1130.85433936 1068.05980188 1047.96688040 1007.29215789 955.99972323 963.10941083 841.55719650 851.85107816 889.57223067 737.94364057 779.09320105 721.72712026 658.13274915 661.74633502 631.87568690 564.80288065 519.21865976 489.90266336 473.45019237 476.67791828 450.49396626 424.87689962 417.58131373 378.36109938 370.80317883 365.26127445 335.94913185 321.76431946 305.85036613 291.41684928 287.35932944 245.13954060 242.79664756 214.37509615 215.81055909 191.43040636 190.13367463 181.02250675 160.35414221 155.06705810 145.07821403 125.66119539 125.41517867 121.00559546 105.60749462 100.56818995 88.77142751 86.75818080 73.73372690 65.52461222 67.80103513 62.18666130 58.25308558 56.74790332 50.49223392 44.38004197 39.86162123 37.32138006 34.25712653 31.24651232 26.71781853 25.41407077 23.83068708 21.34514028 18.75416499 17.67293713 15.59146575 14.23727373 13.67813308 12.28723670 10.26656397 9.00521177 9.08041007 8.15321141
-263224.11726549 701045.06543920 -92275.21307932 218301.86907875 259323.52643461 371102.44556752 232379.40788354 154428.52495309 -87268.74003590 222539.74911104 9516052.91997790 -194501.69530230 161737.53327397 241394.60616023 -43373.45763860 9742.08657276 41289.89969091 136776.18995815 23518.68024949 200969.71453178 -70912.90274819 110824.19834104 -60370.53179081 88934.26132679 36763.32024138 -8404.50958572 7136.58143586 -14519.37904602 29121.33678880 70914.62364759 23809.26861247 -13582.86101276 59556.76436240 22101.81420459 -61083.40886934 -46719.85024044 -6598.85508546 160603.52108649 15677.37405472 67220.54753626 62310.30999401 5724.18422100 -20011.70372075 2724.03909045 81270.58258976 9359.09791622 -55574.48543687 237.67430121 22721.19542252 9552.35703660 3073.03850134 30140.84746884 6226.31608303 45688.21359883 24327.59204371 17023.24115848 24376.67306839 8608.79963235 10922.97268589 15432.24416182 -15.94140555 5893.45185415 13992.22560424 17310.42620583 8322.02130809 16036.56536837 13955.67593029 17678.13617122 7194.18451936 14219.81769567 13092.04558698 6695.74778120 10916.68708298 17330.03059677 8832.45905316 21195.48618874 9465.13318100 3166.67338556 8520.02974752 9048.43015291 14565.47117784 8470.08691557 10249.38257339 8366.86461346 1583.23719267 8984.67438462 8900.37654438 4594.41353659 6844.76611144 7979.84131867 6285.44128810 6511.00524544 6952.51447205 3399.66540862 6435.60364098 3691.10155745 6343.85767501 4621.78828604 5083.67133436 5817.77606393 4779.10318407 4137.71179509 4623.15222353 3497.51701698 4313.16430104 3347.88927947 2407.47927158 3046.82526914 3590.45804590 3225.84344871 3485.25704528 2589.35593373 3120.19390766 2853.36067497 3016.82611021 2464.95621848 2751.85170237 2162.02746931 2477.10676892 2556.43289347 2523.04406366 2578.15819171 2187.96645528 1754.21100700 1769.32601788 1585.47286477 1831.92361507 1566.89372507 1636.97375010 1366.56896988 1513.85553626 1414.60575305 1085.29651726 1420.17735909 1307.84673423 1280.94343613 1443.26466805 1129.43922352 1110.20243415 938.16478474 1083.17887106 1022.48782138 955.28013337 848.22464014 887.35115390 810.99131976 722.81017337 813.52217645 729.51800724 750.59450310 754.42099012 607.21255607 663.84810659 578.19182160 544.92562364 564.16040195 474.02110928 446.64657447 463.56385501 391.73802428 405.59717897 380.75085066 374.85153923 380.85842147 329.03634183 328.54604191 298.73056042 309.60018805 268.83322337 246.71856811 226.64161542 214.35032252 210.44384164 196.50394714 175.05847404 178.22892623 173.10164418 145.31524272 132.30757026 134.80067202 128.64712902 121.35733106 123.40483769 116.22287635 109.17645916 97.34576356 84.61724475 82.50605108 79.98553483 72.05743636 67.20092092 65.43820458 60.97515247 55.96411165 54.12724281 50.59561030 47.25478922 45.12582758 37.29972856 34.83959172 33.56964374 31.89514416 31.38291301 26.49982681 25.23739068 22.19145189 22.57806608 18.84666734 17.13662035 16.74518861 14.84085457 13.28021095 12.08578454
421134.51656241 263470.56768228 -90182.55733776 82016.74894854 -98745.16046277 391372.37985113 -91805.29272361 177510.05794453 74366.19610747 -57055.02363625 -194501.69530230 3331510.18009876 -11282.22569884 -140254.13804781 -81191.66767057 8514.34983165 67210.75015461 125496.02866073 89965.52887167 56645.45805095 -23962.15168884 48482.63700057 27142.08352798 24226.92626809 23622.70718934 72935.61747349 22160.92393442 44878.92283215 30249.88577746 -4452.65057255 -1658.52785917 59812.19470240 34440.10052580 39246.41275647 -14123.21415079 21492.54839870 47001.85627662 83962.26293903 46434.17253078 12867.48118711 24844.34254054 24581.71855059 6642.83184722 13006.77518303 16179.30909843 11610.38237948 -54934.96773036 16972.63241781 8655.57332783 11393.27898862 34170.23041435 20438.15707872 15401.76757154 8291.14440995 11840.33633304 17404.91224411 29957.60460454 9371.27426577 12716.54575393 17400.53980213 13291.79500319 12363.60081438 8706.78925603 12990.59330453 17017.06712146 12991.80788774 7663.35704970 5226.38161787 7716.13032996 9585.42492353 9783.74405579 13796.16651673 5140.04841944 8936.32543904 7916.17557438 10464.65795240 9810.67198847 7320.44489391 6837.10304153 8251.32224500 8607.91032260 5909.06387470 2801.14300379 7127.66164829 5808.15422543 6595.50539481 5267.73374727 7454.19602411 5476.10142369 4415.34842053 4886.87433009 4623.09102966 4563.66349155 3696.24884407 5565.00807028 4943.51216228 4559.37142095 3904.70730376 4352.52364171 4340.46195325 3842.99584451 3566.69534722 3655.42275145 3657.85153588 3212.50096134 3569.37006253 3003.23905781 3033.71865967 3051.52687932 2824.28470724 2721.60245147 2883.99150320 2609.76661015 2222.11126966 2205.51480778 2281.54852898 2029.14316508 1777.12188989 1964.32366834 1911.36624959 2251.69316687 1749.23285402 1807.43277951 1638.87016805 1368.19927194 1567.50295757 1391.99485165 1358.43129731 1351.05202881 1429.34024931 1313.92412680 1162.31496427 1119.03130531 1128.57127242 1141.50206708 1007.36781196 945.48048052 814.57763720 866.40014664 860.74519969 852.70662197 793.45918801 736.56965262 700.96453287 691.37537080 639.58666474 619.09276653 578.13512839 554.77520819 542.46546531 469.08654972 483.97832850 440.93976948 438.12245740 412.15771368 381.27595982 372.45110895 331.29540480 331.27434274 317.71419845 270.04523081 292.92475110 278.61226533 245.44560884 251.30237883 220.78660682 206.48445525 206.73509275 188.14808930 188.44633595 177.90824255 151.76451714 152.62795272 139.86309737 131.65978006 106.65164283 108.52298352 96.79912423 89.50815998 87.99131634 79.82174727 76.27944582 66.09446089 71.50802235 67.44766722 59.00160988 48.83432519 53.40698276 49.79602623 45.35737513 38.55483176 36.96555802 32.82467336 32.01976495 27.36087289 23.75693695 24.37127964 22.35898699 19.29735830 18.86512467 15.20547164 13.90876120 14.49030812 13.37022158 10.23169324 9.94717218 7.73975484 8.54467293 7.72628013 6.51037254 6.22801419 4.80276526 4.51298181
-89746.92013386 610468.36226057 364869.13219759 -472100.42091708 45504.13082559 59542.69070576 -41650.00636425 50760.99911475 -83178.57526902 63207.50435381 161737.53327397 -11282.22569884 1337430.50348335 -45447.40036892 24333.25281302 75230.32565505 88483.99239026 -17516.21886047 26528.59290108 18133.10431384 35196.24803020 30412.60331844 57714.15338178 19074.67606555 25046.44288391 4554.86645823 -14603.81042591 25884.82573503 27993.00466934 40738.59091096 17192.62025302 28148.03207252 39588.70598946 21409.57083064 29554.80435160 23465.66445097 24090.82387296 52516.72001292 17390.59383594 18737.15201191 26084.56775594 13425.34288175 27026.66694052 20406.72759733 28068.22056762 6093.67235747 19343.15814052 11971.92844901 21667.86717794 17551.79572955 27236.33302042 13950.94300046 18666.19124574 10801.43172306 10759.40173205 11919.14156210 14689.67936503 12619.73559090 6820.29268960 10056.78558280 8715.03023726 9174.34063867 11553.10921865 8637.44542413 11786.53418669 9479.60699745 9800.47410566 8805.31130935 9294.09776189 6557.02660501 8099.28575377 7668.99339602 5368.38278662 6737.66587817 6210.91433335 7696.41812795 5501.68728081 4795.27502338 3956.83310284 5115.71408520 6393.58825386 6497.68822281 7472.75291473 5059.06826502 3466.23516698 4010.58360518 4016.05970290 4942.33072419 3294.96927827 4857.06627568 5362.91615342 4539.01064045 3769.51754896 5113.86772777 3690.97244947 3052.91942074 3126.86458875 3656.99580744 3558.02263630 2805.35157579 3019.11990960 3350.66085800 2743.79834864 3248.97169964 3007.08446037 2363.30894375 2325.16021218 2047.54910840 2328.90480226 2387.75128466 2341.84910575 1805.30716845 1863.71089932 1751.71966455 1816.30366919 1901.14967846 1740.72308072 1688.05312190 1561.34273754 1616.12222544 1368.05098772 1361.12067015 1429.32360227 1408.56348275 1270.53227613 1225.24875629 1167.87125765 1089.64706962 1083.62483818 1082.68262209 995.11514372 938.59935601 930.05030563 963.11056902 941.39841977 833.15658124 822.84774226 837.98666986 739.66997481 716.49531307 689.54188421 686.29626506 614.34888147 614.51062996 610.25344403 570.60349551 539.05865016 539.24350404 519.58318669 476.90584242 464.52270133 438.58304227 392.83826098 406.94220225 386.76350576 382.73629320 346.06699168 331.89660634 327.24454884 306.78829932 296.65068678 285.09172338 276.79387609 265.69642551 257.49353216 225.97267497 220.23286556 213.78222087 196.29617968 186.25537305 183.83449139 170.03892272 161.71004084 157.42546360 151.91298972 143.37826785 128.45732179 123.36598304 118.64561713 112.15248123 104.09964505 98.51052982 89.42507542 83.16616100 80.57766405 73.75366206 69.64789643 65.26716402 62.48107955 59.41677765 54.11366560 49.97053244 45.02161770 42.81447173 40.60689855 37.04248141 35.03193741 32.91076939 30.27664944 28.41909901 25.80243561 24.01764375 22.57683318 21.31730719 19.48846555 18.42689541 16.00831148 14.84983452 14.30456573 12.90195737 12.22635712 11.31301513 10.29290380
