292524277.59781098 1584787.05271610 711732.15208945 260450.29984900 -1293870.17898616 1573693.43383810 -859094.98913047 876920.73795894 -44381.80667544 14572.99942797 -619772.55296259 34917.36357017 -374308.71396555 -612625.62072242 -629139.03302612 373911.41122825 165065.60314782 1458182.10732660 530731.52328378 -426465.97681491 618110.36684489 577842.84320479 728528.80917462 580091.15747249 205955.15567949 232639.49864567 -168721.17688949 446748.19880468 289564.02537506 238730.48602570 70071.63245065 -32974.22843977 355737.90665253 -48584.17634291 422158.39861630 370278.09261674 -66641.82766595 538025.82143596 455124.23599401 393136.65280434 356485.78109263 209661.88527392 280181.74985469 304404.49733276 41330.67106498 161628.14510048 789966.61043382 277598.78485132 151494.61827319 119830.38013302 139692.13682805 111978.83703182 292835.74208586 77714.15312996 163194.08682931 181007.48194079 166846.72060042 168403.01207365 89087.83065600 112323.45280411 118179.39828103 94525.32083784 141288.29148332 83174.47937276 101104.28166551 136645.88051416 161319.62184956 89406.01784425 96277.18919656 72989.52164906 109404.84758532 67748.88828379 138823.40814444 101325.39954838 77404.93237406 90965.67890314 74445.91377284 75161.86497331 86225.84487595 67817.37673123 82254.76720908 68986.58958081 62211.37004760 79167.01055197 58793.60617748 49270.61818085 57103.83409805 60597.73637023 52570.19049226 49077.69248103 36672.09088538 58663.48513619 42483.16053180 46573.38893754 46299.85920438 46368.97388420 33253.30226422 44568.57236995 41258.30754089 39470.00285330 33508.89661412 26714.98768059 27628.20682558 31169.63058206 28257.88896330 29274.58137824 31470.75478877 22678.31842660 26731.58621834 24847.80402211 22333.88704119 22930.49318793 22195.89654665 23378.76216731 23135.35166948 20213.90445046 19801.80114258 19240.40012380 19826.99155589 19410.63039998 18261.55005857 15210.76134554 17754.74290998 16562.87568130 13860.94989130 14349.83559127 13378.61345172 13542.95581192 13485.05175969 12533.79946783 11935.10899470 11142.34264521 11372.88003522 10713.74325089 11469.38736414 9322.15085982 9077.74339222 9514.65147853 9149.75666138 8436.27829935 8008.55393688 8158.54747362 8307.44910360 7181.42519299 7446.92523828 7067.67561265 6444.88068059 6084.97280949 5810.86857594 5674.89377111 5606.09655085 5429.80604163 5085.38083897 5201.30964269 4828.29458191 4415.50616494 4249.65507507 4258.43012122 4096.90002944 3768.21023067 3685.08477006 3350.92670793 3191.69876907 3161.33086816 3093.63023729 2865.36605273 2819.87619921 2654.36065039 2568.05453118 2337.07337235 2221.29423582 2144.29309354 2020.19993287 1875.77961597 1814.95185540 1691.72908901 1568.36255770 1544.37171482 1455.37548475 1365.38267521 1274.52207315 1190.30821621 1150.01047038 1047.31196389 956.60265847 943.32931287 859.11508122 806.36152921 725.33565877 671.58440408 622.28907672 582.11749276 529.80146620 480.51386498 447.71439737 405.55281108 358.06626152 326.93594833 295.05195380 280.73938978 237.96946679 211.15376230 181.69840516 148.81967707 145.04655448 115.83366989 99.19023410 81.17952097 69.49545562 49.37599956 41.12313739 20.43642488 14.39806702
1584787.05271610 66431655.25753168 -1179433.46196563 1189766.71359780 191212.81953224 983244.15431888 291376.28430882 893569.85646069 1134150.61416268 588193.29821083 447918.85239830 43967.12319680 405421.86736775 146595.46250707 282501.95453829 -85523.70579956 245754.32687569 630293.60571607 217942.44459643 46573.42146343 506106.29763214 46267.81640593 150805.94412594 94968.63606798 102808.41774900 173839.77274393 -246001.46167029 246069.73845987 -34788.65580294 134361.42120913 98928.17504871 81778.07320858 30868.68861384 -44576.40742963 266543.47352425 135172.53056701 177613.49278103 215380.09456593 88414.77293103 62060.50733146 165570.15375778 35808.59988323 88203.55485762 60028.95412856 169177.63548371 92939.38006259 17038.83669978 61960.79859859 143052.13155503 76933.77219267 197067.99112015 99101.97269194 141397.80040765 100354.62275367 70380.37988640 69168.34779360 92501.30437716 77943.66774176 89152.75150878 82493.71481821 72209.19790124 81194.34317516 59982.48911365 85366.34160371 67535.53158469 48650.23504302 72974.47885709 67090.29056541 41350.47426463 45425.07699383 54956.49651919 43978.25421866 56713.61695772 53367.99675749 43383.74818766 67375.06187953 32195.09039959 31892.33955795 48528.04625544 28051.00800540 33704.01690123 35516.67744521 36634.37146036 34491.44301483 29004.55341374 36723.58463239 27618.35992213 29048.32833123 17685.92247912 26535.68584646 23601.66493309 19999.36471976 17291.20070958 17879.31778442 19824.74794251 21200.64637843 20114.69933896 18726.37041547 17072.86239011 18074.81900283 16285.56313901 16082.78793804 17031.18160519 15895.17657887 17519.99754904 12377.19943150 14640.24975716 14742.22313040 9675.15630600 11461.08722951 11877.53874451 11076.90505334 10782.57626134 10906.45207919 11619.62887488 8473.59282168 9147.32189198 9504.46656476 9204.74057254 8680.87001986 8454.34630636 7769.97212404 8352.42959327 6910.46905820 6453.52746231 6981.80044627 6493.68457644 6580.26646581 5910.86479923 6080.24546690 5940.56139744 5532.27086657 5694.76887946 4864.17276512 4917.42790243 4721.16368987 4794.23015306 3949.15786789 4431.96184304 3915.47659405 4093.07855025 3599.10712829 3534.41606181 3537.39127399 3198.27952533 3248.00507375 3293.90852410 2997.32660850 2861.29239806 2810.85276641 2737.95340999 2567.37769892 2452.65791399 2353.78901091 2190.95993576 2251.97771836 2073.21805511 2012.42996155 1892.25192715 1844.48661227 1874.77508170 1711.12723989 1636.18557284 1586.55272723 1546.02165731 1433.09892808 1412.93910736 1327.33137552 1261.89704031 1251.28385892 1135.37497295 1103.18648773 1076.82386783 1024.70440918 910.88939582 890.37783738 845.84825793 801.34858039 776.75369026 711.57400647 693.70300122 651.56704870 615.85081431 581.13372526 549.36817575 522.66998041 475.59017950 448.30625786 442.86706744 406.83043519 372.07973366 351.56394895 330.18668709 304.70518375 294.78574617 265.06565316 247.92682142 225.26581125 205.27041847 184.52121216 183.01084116 160.03775768 153.04708962 144.13790486 125.42536561 123.47806064 109.62245153 100.67520529 91.95507942 83.06412294 73.78155110 65.55987098 61.70965746
711732.15208945 -1179433.46196563 68809222.83563147 -2611569.58773057 540175.56656237 -656494.52840436 -576674.68790115 271862.74161068 8986.87025327 336651.76630187 -235328.69648529 -276610.44735806 265325.70856988 -319392.63566035 596589.70555911 -34271.15733238 -465653.74658582 34655.75301273 134999.98600263 277756.94083904 295219.89455633 266368.97907219 356818.59016713 -86139.18278273 5180.59424629 92084.31879780 -90417.21328362 87165.44558041 205673.62501120 -69486.78053324 125636.42079770 89617.98431946 95638.64172445 -47174.17851742 208387.41459391 86797.51440920 36998.24125131 191242.07287069 -367.83294890 62504.16327596 109374.23904395 51823.56684711 23151.39312873 6714.50883124 81218.93337416 44719.70772187 -180763.86802173 51980.30926515 32591.32050024 15704.18539369 155304.92152404 70595.73745774 71923.17469012 -51285.18503514 -14433.63024507 36804.12941939 53551.91308603 37561.54859427 37781.41749153 15310.57647697 33198.38503959 24011.41679175 47217.36721168 48056.14805028 59677.96842533 35030.63542376 20172.82740552 22342.53331775 13207.01890248 9155.98788502 30689.47594764 31808.30727235 21818.24309974 -1794.96372522 31840.66948492 18143.88815790 29287.36798895 22209.14238126 12991.86363939 20931.21131541 26898.15765354 21299.28337216 14564.90024535 29830.83630684 20400.23403640 23305.83173733 15528.38311817 20150.22672318 14152.17998233 18808.68051362 21512.24941320 14280.38921429 13437.02526573 17389.78617741 12146.74259805 17394.86545106 10694.28452061 13411.46256613 13913.16468591 10283.98708250 10269.90001261 9731.76407897 9669.43732168 10158.60429051 7765.19358826 7743.30219207 10170.11219176 7319.05298586 8524.52747390 9537.30875110 6159.99742516 5862.13581875 5961.47975732 5936.67822151 8338.88264790 4482.50917567 5671.16175033 5931.58984099 6078.08931559 5363.46306443 5022.01688353 4621.59291231 4718.87676118 3240.48534329 4636.54984237 4522.72481391 4136.86956995 3570.97168928 3941.74248183 3914.51574139 3710.62885795 3645.82666191 3292.83853260 3007.08263078 2783.01374063 2790.46972693 3016.81095191 2398.04504464 2343.17393953 2471.79679226 2151.07926491 2240.81312559 2293.06278143 2182.11005436 2010.77638152 1904.04291911 1896.44762301 1704.89081147 1812.65940463 1621.12870716 1514.71747531 1599.35188291 1555.66850933 1415.88059240 1531.09737996 1410.56513573 1330.54992064 1214.25010170 1158.68322771 1135.81714969 1075.86103247 987.80711046 1047.61387760 947.96045495 953.77043768 856.53826231 875.28801431 865.77580067 769.37855012 756.78914989 750.88284534 704.91248052 711.27745330 696.66027591 626.61777693 599.79718380 569.98753018 521.67306282 539.38953342 491.00928790 493.67497365 433.22091588 426.22617747 411.20149284 379.33303328 358.72589456 328.33163466 324.43686414 308.11373291 290.62826819 269.17545310 259.51611357 249.63317392 230.52809250 206.99888152 199.52174197 183.80691651 169.03709044 167.04066098 156.45079713 144.24919416 133.60115342 131.64011362 119.64071390 114.84080307 101.97406954 98.06794286 90.59707635 79.76219031 77.70127418 72.27651635 63.70135557 60.41313847
260450.29984900 1189766.71359780 -2611569.58773057 77050638.83281493 -654502.37353500 1054100.55996592 -706297.68605876 -198131.99339121 -63902.01183358 672266.33342347 87758.29300563 -58922.41983249 -639999.80099688 678994.24181003 306637.34184431 363156.65553420 233728.67031836 65912.30604154 69796.15757134 229138.80325223 123156.16545009 -182347.30079984 157430.43279642 -49277.91363182 124271.27826227 154918.51136633 -80326.89045892 203632.69503358 90213.71034008 128701.57768542 230842.34389316 167377.35560140 137098.28816740 -58073.60496394 -12279.55956131 72142.91646429 192168.52788212 317350.45076864 43348.36477558 -70994.41542818 16944.61865919 121251.33368344 78903.61730077 -10413.12908001 84641.41690290 -35544.97116228 -30121.02132651 50978.09535937 76653.81592654 64639.12740016 19029.72776112 44288.53149235 7834.31843790 80030.49244602 49334.45568066 13375.97656629 25922.46485855 32696.77967244 24178.07486165 66666.74001265 33308.62281516 9219.80748881 9755.41964435 37572.57118783 -15549.92898798 34382.55574020 13825.32274217 44597.51339331 19085.96789836 23177.61108614 -13652.33978651 26172.79168041 26494.33000180 13354.63224038 22136.53575230 -2296.01433672 13010.81702485 7218.89742441 13264.53888669 10638.89741620 20615.86004516 3604.95354270 19412.23698543 18836.55996208 6409.44822151 12250.09966006 10377.61085708 5743.14794324 11046.95031083 12410.51694298 5987.25831895 8613.39520293 2267.27308849 9960.82994309 4492.37450899 10639.22680734 6226.89251215 4877.23283562 4465.46434653 3883.20340847 7170.65012807 8660.19105886 5278.36954914 6647.50722098 5439.40254553 2431.64561670 4438.41182051 3245.34741313 3162.71441268 3317.15191252 4791.45858396 3528.02040519 2062.49141795 4707.15323979 2032.01911747 2404.57657808 3048.60228502 2782.42434082 3064.42308020 3219.03086497 3067.33112630 2362.01876557 1319.56481507 2499.79426489 2196.36372362 2568.08093027 2124.38192583 1868.95722556 1545.19727396 1509.31317383 2124.50980786 2251.16649264 1990.44508164 1488.37385684 2131.38833186 1684.93043998 1376.40266061 1404.28256007 1603.95194575 1337.92573474 1130.45389977 1052.52154835 1250.68267215 1024.90819235 1189.04577218 1183.94269595 1028.36571998 1029.69470360 968.93387549 853.66004719 1025.31271266 767.87447138 826.69986644 780.77419096 611.67322663 875.82444626 710.02205069 774.97110545 649.00012545 582.72214191 717.60675343 586.14474506 505.45089401 595.54633515 527.78473728 508.15502883 493.83813594 485.83722006 452.84596370 422.85374220 407.42884649 372.37986580 357.99945774 430.12995982 376.76248200 346.49401225 329.87308906 311.00028701 283.69198563 284.88443047 284.11840122 240.41453538 237.55957868 228.74299298 212.04691024 193.37041853 172.58167585 170.62785190 180.75980285 158.40005973 162.35669657 139.69114779 121.39485218 124.24634665 108.14993463 101.67932011 102.91159340 105.90443133 93.19896498 93.83104810 83.62327468 74.21156308 65.56699577 68.43144963 56.64505225 54.20987894 47.95565657 48.66015620 44.84047143 39.79516215 32.45852050 31.30704581 28.36021937
-1293870.17898616 191212.81953224 540175.56656237 -654502.37353500 16946948.71144462 307351.66971601 -19484.71005166 -365195.77935062 16962.69738217 345488.75702833 264026.18234285 -253274.82200594 -2724.30032915 627304.39711333 68022.19436502 238057.97443596 193422.03178366 131116.59276918 -43566.43354416 295107.70083554 108976.06660339 38601.11687441 54309.23304450 155998.49231196 30916.52094561 54582.14283730 234702.95731815 139180.37710487 89405.63454897 60944.41553515 -20897.89589197 63791.97632825 43629.22646983 85781.72662049 84810.09849576 465.69523542 27817.63681835 39764.95273707 67275.00308744 34716.17553777 -31728.93517884 95583.26793487 31542.19149019 109903.39318756 13271.47384981 55399.28479846 92616.45652984 16822.71618007 76285.39698815 32033.01174152 61255.78569991 32689.33690128 45098.54438131 8236.00148183 11808.40787101 53798.92184629 50233.34545212 10474.38543019 14967.53445010 24958.85967747 14666.19719253 15154.91378134 14598.97526212 30466.95322941 17470.27109764 23543.29695627 12358.50385718 17718.60620469 21748.95596793 17643.11589925 13764.46982864 21592.67699941 14212.53308635 11968.54501114 19392.02510806 15448.08072276 13279.89938652 14020.65395886 17502.94621365 13017.84031719 9796.69878619 10505.49240279 16528.32078337 14160.28306592 11291.72731991 12251.23353439 12556.02771883 6776.38008706 10040.65593320 10038.69175005 7792.04499838 7954.38984614 8331.49719613 7413.73647042 7275.08146212 7109.08284062 8221.09408509 5749.78579120 6130.17514033 7345.57657955 5804.03100073 6265.99486879 5423.38697147 6777.23638890 5717.07941217 5956.10237217 5356.84629683 4552.20267676 4302.39783397 5039.87311035 4382.15669325 4809.17948995 3999.62520586 3322.99875262 3711.09132792 3293.43796749 2825.04987353 3430.16189320 3286.47944520 3181.45579351 2596.76515006 3035.97499787 2727.98558695 2909.74658623 2276.70817574 2309.84112026 2211.44803643 2418.85997689 2111.86816215 2069.11863138 2033.35949819 2131.33934360 2010.55155617 1826.48912738 1917.10914156 1833.35247564 1542.55608067 1536.17422844 1618.77162676 1360.77228270 1430.83491871 1414.96951340 1177.59060421 1290.86016660 1092.14131753 1148.65678764 1252.62747420 998.96977261 1015.55584202 938.99253950 915.07030125 877.55279116 830.36944144 844.67982321 855.88710482 778.81240752 716.74243353 694.79424006 639.93333238 635.33957362 654.41630744 627.59282057 545.35833642 564.47303970 558.89161901 493.02930972 502.88803909 445.64860142 423.22297171 437.20771352 417.71619015 384.29791663 370.13729894 340.48860491 339.37431953 320.31443991 304.31362447 293.55429115 280.69998075 268.98919580 261.52493184 241.31352863 237.39836348 219.29089880 211.76394526 195.07153141 183.16614100 172.60866458 161.68233636 153.80509538 147.40349042 139.10339626 134.68246502 122.76844505 111.78377866 104.02563281 94.44606770 89.55613165 84.10509574 75.78162409 70.66010991 68.18575043 62.34443725 58.36919887 55.16111525 48.11942129 42.99124178 40.91089335 38.92588399 35.81908632 33.06207580 28.68693229 25.64205295
1573693.43383810 983244.15431888 -656494.52840436 1054100.55996592 307351.66971601 12996329.82555970 98151.73364808 -124249.28487985 136594.86471511 506040.51233577 425072.90900677 395252.88691103 -34238.60931044 605995.00426626 281174.48735940 128108.19337902 -47362.67226850 205954.49207881 208137.77146171 199606.04836813 37848.43503956 -45350.22889515 116917.31820041 66423.89742363 118312.34375944 73123.52571949 -141531.27213010 -6899.61030775 133608.46277573 143622.90266383 38137.98016116 48755.24709169 50856.02133509 69314.68362749 57023.04265502 86637.62312527 104595.72739489 99797.57970103 79028.33070511 69821.51026082 97150.40140467 50396.78804955 -12965.91382531 5847.12571591 20641.61100776 63298.63489498 -33293.43960081 5166.21900082 18743.87028694 23399.46379027 -45349.67851339 30601.95912788 25773.17485778 12299.59048132 38300.20071629 22767.85427528 18967.82359180 18066.17889054 38383.14557994 39917.20506961 35178.84371658 27652.52444798 23588.26114081 37755.09080312 29678.17409550 20786.58974507 23083.29968138 16275.17719339 31983.08351284 17339.25612224 21100.84743090 17326.26979699 15359.41628403 16607.57742395 13041.42625123 25546.21946767 16017.14871906 13299.46115609 13645.06114581 16519.22847052 14174.21709223 11869.81295100 15226.92390509 12110.78937354 9058.50769735 10015.40152684 6509.66117462 12577.91374675 13012.47731078 11109.95826830 8600.93030629 7170.11783454 11449.55718812 9756.26865483 8740.58499894 8686.58608177 7511.05175373 7568.63105252 7950.45568738 6911.85354222 6061.43127649 6279.72965542 6300.86882616 5986.99922320 6630.47159555 5780.48485242 4737.78994233 4476.91284125 4391.93780236 4232.11574151 5030.58168958 4673.06078454 4369.69296602 4076.73996848 3557.75186329 3965.21936839 3795.42982731 3225.54658413 3576.85722129 2979.26317952 3252.61667082 2679.09638041 2670.71272965 2921.34982264 2942.77201765 2550.85166961 2382.92746950 2326.03096224 2222.82335671 2058.78586617 1987.69554562 2003.12590874 2102.41426128 1735.95319212 1814.30942724 1761.31178291 1473.46594091 1677.13749008 1665.30888532 1469.74188563 1465.24205537 1462.49961657 1426.52106016 1338.18462994 1347.16025537 1268.77623367 1199.76734242 1246.21424125 1178.76871982 1072.09628472 1057.52603003 1015.05077546 1029.15913850 954.87235970 917.76825408 852.44414945 793.15020074 854.43987856 735.49189604 735.56016359 765.79726099 717.52851803 639.37875783 640.68455528 592.47106243 586.50892435 542.27342555 521.25797645 538.86004477 498.23118600 467.41439674 448.71381092 436.58082198 391.28790233 388.99870832 384.09430458 354.67803995 336.64002493 302.45329751 296.36163382 288.54360811 272.08468994 256.90663319 240.92501802 231.83618581 214.50613853 204.67731620 192.60474760 182.43855760 163.38096644 157.58868546 149.62523931 139.21472154 134.30818293 123.85285202 116.06737900 110.68661590 105.48332363 98.37377062 87.00531849 84.86763918 77.29420041 70.31110956 67.18883114 62.30085188 58.42901372 52.50995348 46.53641579 45.16559160 40.59306810 37.92080006 34.97569419 31.67178091
-859094.98913047 291376.28430882 -576674.68790115 -706297.68605876 -19484.71005166 98151.73364808 17295218.36439106 258224.64673739 -240087.28138430 86424.07293090 178129.94701557 -224370.87929574 -113063.85127061 -24042.59273318 -133416.91323092 113700.19743133 -191201.67852169 79966.37788780 192242.95118007 -144165.63688483 170626.31015865 13040.26287223 42460.96949744 59110.34523353 874.17751066 -8886.72463498 118726.78573086 41419.37978372 106999.59654015 50037.14296303 131465.11346905 19879.21400923 38376.79099826 40810.16528891 -22984.30667616 75662.42577203 -143912.17009433 -12785.12810558 510.66460026 13376.49126874 108983.99003151 -6367.13543333 15043.92493891 36791.28527718 23183.63538984 9265.31608095 -154922.44905973 26711.47190452 31801.27564424 43046.70020744 -17482.54457367 -4803.61830149 30313.37573990 7154.64769531 15840.28651757 11161.87743605 37666.16214327 13531.39057497 12733.25357282 18391.29812730 15389.90879273 9125.46397024 3887.27603644 25894.29448703 29155.79551345 16441.55186862 8266.33984680 -2598.78772404 13170.58562015 5054.25545410 5126.83405902 4059.15124068 4711.20134477 9736.18822291 7588.89901204 -4288.98013771 8574.69033169 11364.18986380 4509.52623343 6508.35175235 4275.21315346 6667.35375844 12408.55100909 4532.36769576 3319.68284782 4359.10027264 4063.20768787 4243.41743177 633.68950379 3293.62300000 2380.08880383 3002.93420413 1646.14037885 6249.59197024 2293.04114789 5062.35848346 4168.37480873 1903.40342946 1976.62948092 5025.13282404 2824.59126511 2993.89849513 2459.74980695 3734.65774484 882.73470104 1608.76565649 2312.88295422 2415.60709342 2344.67122337 2123.52875703 2346.96074900 2420.06167529 1989.25171043 1547.84404190 1938.00185286 2404.52589558 1127.49561512 1185.35849668 1789.97511430 1284.36839958 1578.48343552 1205.83108641 1409.68952383 1168.83954084 1225.35497919 866.22789682 1319.99154789 901.62341357 1411.67909570 1120.83490946 1023.19707793 947.46396119 874.54634784 998.43700915 774.14077491 799.61271355 753.86751057 647.76137979 715.28739612 680.17606446 840.67824998 679.35162073 716.70441495 564.80686487 599.45666970 568.28882728 492.76911577 496.57612409 557.65845477 498.57533627 501.99121977 435.16403486 479.91043917 424.30777118 351.12153118 372.77138492 349.65921820 348.46500935 305.21108221 342.96157364 271.22420975 307.95567106 290.47500018 278.60356019 262.11867309 258.67031972 244.93821803 221.75069353 201.25374364 226.63638286 194.62801549 194.04718559 192.77469498 170.43290199 166.34490161 157.85612780 132.81688066 150.91696157 146.57595758 137.95345310 126.66681910 110.29433140 101.34368965 94.78787899 97.64934099 87.74125031 88.16903763 85.57458702 76.72923144 70.84617762 70.37449397 68.45765352 62.62686812 61.66521043 56.61452441 54.81405914 48.39998035 50.72567432 46.16789296 42.19423695 39.44447050 38.51143087 34.98497662 33.15660352 29.80494337 28.43891202 26.09032294 24.45214141 23.42462600 21.81854290 18.69736153 18.67953599 15.89337249
876920.73795894 893569.85646069 271862.74161068 -198131.99339121 -365195.77935062 -124249.28487985 258224.64673739 5618453.18225457 83947.78915454 -193386.40255116 141665.72602591 219953.10301676 -10064.35204573 59333.12911491 62469.28397288 -37801.13270444 59232.46001226 71922.56446025 76598.76069957 -31728.10706243 -71106.62898257 50903.66322965 5659.86895762 70416.36636126 25701.04117342 -27987.04438579 13235.37791017 117533.07952319 -75.97890883 22431.25475293 63090.00383488 34765.34971709 18521.64168926 3380.10335881 -3979.25572808 47574.26731444 57722.99428615 38924.04430742 44270.86959548 24003.33269299 118049.03796316 20312.69956026 45723.81211034 -4983.70597819 62374.23885294 10323.76264486 36903.76942088 24391.29132420 10406.61313120 6733.69427131 29607.38483948 20350.12528787 12662.83697682 -1119.50938457 10649.72458217 12620.43433773 25377.29063505 19336.19159708 -1102.23549545 7120.33233664 14355.98284478 10524.11186290 5180.90404279 6598.35854713 13596.33989535 10106.70406574 19707.22812635 7922.49271484 10593.90027010 9354.32923564 4414.14198183 7883.98680538 7802.41964125 10642.89699135 5960.37432811 10247.52835392 6830.80166227 4384.35461246 4211.83753536 5382.60509744 6901.45788885 5899.97831170 8986.78261495 7217.96527335 5397.76919806 5509.36801517 4427.02305638 5965.96306201 6971.16084111 4757.81806609 3272.38206373 4555.77428589 4018.90319664 4516.41123035 3074.48554156 3427.15121783 3876.24827570 4037.14374512 3397.73818181 4069.46788161 2717.06356486 3056.12598101 2991.59770463 2100.07882145 2046.09168271 2480.29077171 2650.20823493 1895.57125246 2651.00037588 2226.10709403 1905.55772372 2093.16936668 1937.69444300 1945.58001022 2065.95352718 1691.39078884 1921.57690894 1635.26140069 1518.32942986 1571.14334958 1327.61357157 1506.18245907 1492.75211987 1374.64794804 1140.37812983 1115.79679879 1139.70089929 1238.98269435 1062.05834737 1010.78985547 1075.67112824 1024.48705398 894.15885656 865.10181199 855.69844442 824.85284386 705.28093454 778.51908822 738.95181468 729.12465366 616.02696192 694.68507755 590.91157351 645.16512946 569.84446930 617.98031165 541.00009620 518.40069467 520.55522660 489.40833722 488.51027537 421.05377852 414.31022834 421.15028098 355.82018313 373.78543246 360.70816213 365.96262833 345.36030204 319.51944830 338.25679331 329.70499636 312.38763305 271.43042499 279.47756721 250.74016061 248.23810457 247.52034409 225.70594497 215.37438661 206.06732843 191.25579288 187.49462421 183.42933639 168.79226623 164.50765048 151.82633162 150.31461711 128.27014855 130.55309950 126.08588382 118.19403769 107.79197621 104.78821669 99.99465016 90.69238590 87.27918141 80.90005172 78.49664728 73.82279881 68.09992264 67.97001154 60.94207890 60.70744507 56.18808642 49.22318556 47.32302363 43.81451138 38.75163050 40.63984179 35.92890313 32.50213821 31.82034385 29.27841943 25.48944803 25.49995183 22.38049884 20.34069472 19.15338912 16.76486352 15.11380120 13.80948159 11.88890780
-44381.80667544 1134150.61416268 8986.87025327 -63902.01183358 16962.69738217 136594.86471511 -240087.28138430 83947.78915454 5962568.00824035 -7683.92820591 -99439.04245535 34361.62390917 -97728.17818186 -162809.41113154 45095.43820864 -34810.27531258 24209.98789361 -11820.08883149 -32736.70998410 6512.66365336 -44138.79719379 -45464.65060271 -5050.57886279 -28674.29871432 2089.53255187 29797.99022439 -145484.33622644 30262.25067246 12338.01174724 13776.64410646 73220.49597302 -2895.22540269 11057.70157563 -32126.30191446 -80085.26384686 22434.87178629 6715.01369756 32492.19634167 -17367.88379332 -4998.10715032 -5117.45826998 34559.39562830 19505.95386953 8492.43868974 51515.72987185 33899.36167651 70116.62182919 24400.53515555 30968.30829031 8975.08426866 12641.24733004 15030.36640185 12317.96747965 22662.71848683 27423.83661820 -723.15783673 13407.36261687 5843.41712663 21832.70716698 6727.31849271 12892.83071046 1391.49115865 10630.59286718 9316.32056716 9356.03990653 1282.10169327 6475.32787666 4127.78010845 8861.52086412 5119.64203780 3210.44623105 5588.05326822 3564.62221160 9901.23307458 7058.27395381 6141.05753957 3428.78043065 6691.02669686 4198.39920265 7632.33271260 7065.74207291 5495.13823046 7563.92784250 4711.81192395 6398.15860344 5695.76519085 3606.51190879 6295.73910760 2691.17620103 4083.62358007 3336.55961906 3177.37077978 3709.66934449 3440.00067740 3500.26445388 3382.44250986 2607.03773746 2978.01000350 2045.56390545 2247.41188422 2043.59447409 2094.71876777 2533.03155180 2428.94712467 2817.06238286 2181.88534529 1290.27390074 2147.03945813 1857.89827761 2243.42800395 1454.95223342 1825.30031387 1573.46291187 1807.34447514 1589.32415774 1132.59562675 1854.13405243 1489.20619102 1405.40137272 1110.58131747 1123.48641518 1308.12982875 1242.64250502 1235.33832462 1151.53660998 993.57840447 1062.34329975 903.61961992 895.87402422 817.02453253 999.03105793 981.03813053 919.97477619 736.09855122 730.93273967 631.56149036 775.91595673 736.81649011 703.65113855 615.20605318 708.33409902 613.81904739 579.57122028 533.46186422 529.11194132 511.89596805 547.95844774 447.92598575 468.85790084 475.44486355 390.66055221 411.40439914 361.47981509 380.69239257 382.96741289 341.06866237 325.72066617 337.32080293 284.62105444 307.44162939 270.33299364 280.99721823 249.22704913 243.24997891 243.02884450 214.61956632 217.57124159 197.52037440 182.75999480 181.68303918 164.32375798 166.32254548 169.54538095 150.84481729 141.50199763 137.94915748 130.30964741 125.41347279 112.57064359 110.30964738 110.64032676 99.88458689 100.36078625 94.08731555 89.47358859 80.96273824 78.96629875 71.59442982 65.69853804 64.19183117 62.87496125 60.30243400 59.38941904 54.94278558 49.63532029 45.13196624 44.14127602 37.94468813 36.44912733 33.94285196 32.60587331 29.48924724 27.44231019 25.41078172 24.16886014 22.54712489 20.01421258 17.66052764 15.81180090 15.57473098 14.18306020 12.53425605 12.40129448
14572.99942797 588193.29821083 336651.76630187 672266.33342347 345488.75702833 506040.51233577 86424.07293090 -193386.40255116 -7683.92820591 4272696.31469195 249320.33724574 -125474.64803908 34070.23041457 38093.71475349 22493.91936097 59195.76897666 -39591.60246974 128180.50676870 36787.15583789 115225.15067153 16363.44902410 42616.66464809 71829.50744521 36351.85197501 29750.82173068 -22956.81546866 2433.19850549 -33099.21541445 -2976.15455813 41693.27035023 3096.29375715 -11763.64346262 -1766.82691089 -21830.13386507 -8590.13049954 24297.64913295 13699.87927621 16420.21826551 27441.78777805 37454.69026441 44533.76941906 33594.30895113 11586.16180335 16429.10565236 8623.06746021 9257.92510751 3427.57179064 19726.90330541 29416.61383660 32748.84243944 -1410.74606866 4212.76474541 -7340.74141712 6163.06372337 9284.71370400 8119.65046936 9577.08010832 6066.87231270 1980.65136275 16889.82823521 2741.75032001 8743.00513998 3543.81911010 11953.41046040 -1169.75021771 6951.70259210 4549.57537249 10989.72046175 5381.15426164 1506.63253849 6394.77222720 10343.57221956 8452.88233114 3938.55766380 3893.52946889 7950.70144762 1237.21230295 5729.89015750 5681.98534806 4584.94550496 4344.22330613 4195.66120738 3531.98145326 5794.07253444 5872.26046263 3181.51792559 3354.51566159 3444.48605049 4381.73876255 3390.16906076 2737.05223475 2860.13216826 3282.81401537 4305.58273663 3683.03296679 3546.04551612 2561.47311618 2495.28015266 2095.24464768 2694.33840811 2176.73164348 3349.46370111 2305.62838524 2254.47062642 1429.33163184 1618.78221213 1458.37913507 1799.51453736 2316.37644715 1307.79636787 1711.34876404 1675.23940153 1813.53723064 1363.90305769 1669.18942621 1368.67784643 1109.63039550 1020.16821238 1141.97765625 873.64973391 969.59173845 924.11663120 1156.65290941 879.70801927 984.33873196 831.55118235 760.73493971 683.93779349 781.36219009 716.60395201 765.30000589 762.83868315 699.97966136 631.09042825 596.11815212 634.91804085 583.08876077 567.75902299 484.13116644 484.97754641 446.05269146 486.29909639 502.90183832 430.83486456 450.30340972 459.62396924 443.26369146 429.12787825 394.24447799 371.73519073 368.08834012 350.07540598 296.54692716 293.86019072 277.29901342 274.06237890 261.27745694 252.12309462 258.57640138 247.20342356 230.00537429 227.57970483 220.22854216 217.42527216 205.06720925 183.12627564 179.66050872 192.39722443 170.48725513 176.14409619 155.22568761 153.65542873 138.35903197 136.22652566 126.16346672 126.78388299 126.43553059 115.02161953 108.14371630 113.07958348 96.13411528 97.54787357 89.86685706 84.82991748 78.31279220 70.64746889 72.65338317 64.59300894 61.42028893 58.30072847 56.42194190 52.97554930 48.87307812 44.26778793 43.04604708 41.32691328 37.51463349 36.25122892 34.04756679 31.48987584 27.26871323 26.91098769 25.39721805 24.41674615 22.43935233 19.39986619 19.53056522 16.90617267 15.53168657 15.61225049 12.61229967 11.96451894 11.08253605
-619772.55296259 447918.85239830 -235328.69648529 87758.29300563 264026.18234285 425072.90900677 178129.94701557 141665.72602591 -99439.04245535 249320.33724574 11279092.06485618 -268985.63873608 126307.43562973 282797.28416570 -93598.21199139 1340.98406419 4297.64622035 128409.52739447 -9711.55918929 197705.76713078 -113314.95365924 116808.25528135 -96956.79018482 82357.09274311 14809.97399599 -16049.96837760 66036.26166497 -27144.59588904 13496.12425392 51715.89815122 15297.51418580 -16468.86944972 45697.28551712 23477.87297432 -95773.74294008 -76884.45333977 -32138.59868632 137076.42441776 -6806.34068772 72347.86742325 64032.89434480 -4342.93186011 -28278.97085487 -12520.82952871 65782.94034046 8530.33636491 -90012.66508163 -3947.50227982 9475.42094805 9638.56133400 -432.37100392 17706.28047156 -10639.10757547 45505.41061114 23555.02520138 13835.06413037 9243.40552672 6123.34088988 -3078.65412801 14608.89961107 -4141.36905488 -2654.46119293 8282.47882583 9785.10501482 9249.95568987 10916.41879475 12564.59954968 8846.58930902 5141.77064849 9827.12303546 8753.58166119 2619.13697247 6490.50948886 12846.77075760 6191.63803300 12008.97724801 5286.36505095 1034.04562968 5055.08039314 6598.49222331 12842.44403371 7400.25409834 7543.21201771 3427.59712889 963.78961390 4462.92936254 4874.84865190 2291.36116422 3459.96914689 5645.34763906 1800.56984283 2356.24940716 4341.88900697 1530.77238803 5297.51825012 1738.62747195 3827.59616484 2920.06734595 2821.12711496 3236.29665882 2614.63540420 1490.11187876 2890.47925888 2342.02949635 1115.44247661 1799.60457944 1862.34300636 1727.34147265 2016.83247604 1660.76203527 2275.28439690 1487.86870913 1732.47955641 1395.07469892 1619.43072257 1167.30214206 1619.02229577 1168.47914173 1344.40827664 1252.52976333 960.11939738 1050.57170909 1179.75042912 654.80558246 858.67276047 1002.92585929 1080.87943571 746.94759679 930.29888096 717.00567912 695.00075956 714.08100814 640.06801074 793.87813952 724.64108992 650.94416908 619.30942512 669.82162272 496.38488052 454.44270141 500.69635820 511.37714422 483.30765572 506.34587154 472.57212318 457.87383985 408.30222860 433.15001498 384.91062704 341.84156589 372.11643063 372.94218794 352.76351663 299.04136156 293.04087466 302.38812532 322.08010765 285.65307178 262.84124930 261.95491792 254.34254154 251.24435814 224.14660072 221.42553040 218.53077931 186.30693906 211.43284966 186.63770095 176.06718343 185.76380911 163.10649157 138.99325780 153.62080261 133.62924667 135.40414311 142.95110740 125.16335876 112.93912950 104.86160345 110.69732608 102.71615795 104.46235677 84.21864043 78.11283481 71.56660061 75.74253746 73.40992933 66.88240835 63.27941928 58.15593703 56.86357233 55.03432578 50.22024630 44.85666332 44.85473600 38.63574014 40.30216498 33.69584302 31.20501558 31.84102883 29.98979343 26.27768472 25.32888302 24.60405033 21.78129593 20.33686803 18.77629972 17.09054746 16.20630524 14.03776324 12.85776986 12.70346788 10.96786309
34917.36357017 43967.12319680 -276610.44735806 -58922.41983249 -253274.82200594 395252.88691103 -224370.87929574 219953.10301676 34361.62390917 -125474.64803908 -268985.63873608 3964876.89160268 -45231.73281869 -210383.80993992 -127643.75778887 -28522.31213206 45699.53279194 100991.61575156 76176.71841609 23209.68142080 -37745.73122761 26116.07412325 8337.65988622 11969.12473847 22331.01932751 72421.36425013 1842.49646171 30806.74122882 7039.27086196 -23096.95275714 -28167.76579756 50416.28343792 15000.20104432 16230.24144507 -28340.47888335 691.04641961 26501.65510134 70013.44291322 20704.86369046 -7283.89023324 5147.51303698 5045.28597724 2468.97777495 -6404.79414563 3469.14168711 -9531.62452214 -58664.48523601 11049.73877924 -1479.73844502 8083.37323100 30915.41836086 9667.54673215 2838.43701315 -688.36142751 467.75326106 2695.43528663 16796.35103494 5414.75069943 6146.09124340 7000.03702134 6351.18881767 4902.61175816 2567.44379864 9809.79166755 10613.16691702 6935.29846046 1568.95396420 -1734.36726035 2669.97036869 6621.68947690 6617.50808567 8245.72627041 768.23284340 5969.39463759 4701.39319938 2806.11449392 5808.17432848 967.35851747 2839.69181803 4709.93696959 5662.70822875 1778.73568201 274.98385166 2563.06090568 3468.49112945 2172.14689482 1433.52968811 5182.48386738 1759.34822364 938.91891051 2082.98198480 2174.04687878 1497.92354839 1712.45807206 3200.02253648 2419.16839425 1961.53578496 2233.79093102 2247.55868317 1631.40740340 2017.39951722 2034.51731784 936.78035360 1164.74869378 2221.89248173 1742.89587074 1222.65020918 1389.82712911 1433.65889063 1060.07740748 1088.92292131 1015.36533679 812.97863604 926.72197089 1079.78921432 1077.82432931 1077.98888853 755.98135132 852.33747440 960.55255227 976.36377379 922.18582844 738.03079035 852.78564098 469.81355836 746.64058719 527.32607225 755.85648675 640.33821135 592.88143377 605.23580109 567.93286757 583.73163104 570.65419055 487.55989046 513.93913271 505.92771171 491.36089892 461.74144497 460.97096123 438.67410432 403.28882754 371.25579033 317.35799759 354.02945286 339.00752265 304.79132097 278.50981057 324.44961514 310.19572995 315.69094890 265.11004131 295.23067800 261.18130651 236.76951881 232.99042666 214.53305054 201.04020287 206.61792661 196.62054142 199.80129611 173.18122016 182.67328454 158.42348556 149.37239401 142.56283440 141.64991775 125.95049830 132.40174513 127.41478328 123.03802561 112.28039686 108.83448538 101.52227613 93.74243359 99.51041417 87.52683969 86.98404683 76.06432701 77.76100178 69.22580713 70.13181710 63.08186962 59.55223696 54.14012031 55.07136988 51.12209909 48.75932335 43.99731849 42.44626333 37.08367254 37.64534747 36.93667707 31.69855906 31.42634210 26.13270289 26.48816346 25.64330267 22.13400579 23.13926913 20.07703443 18.25086418 16.61571214 15.87405471 13.83831757 12.75874615 12.63331964 10.63372909 10.92638426 9.94398984 9.38028296 8.61493257 9.10181612
-374308.71396555 405421.86736775 265325.70856988 -639999.80099688 -2724.30032915 -34238.60931044 -113063.85127061 -10064.35204573 -97728.17818186 34070.23041457 126307.43562973 -45231.73281869 1568355.70165672 -74225.52678417 20468.46200735 67771.41660755 72126.25032375 -47954.55990292 7221.38924213 -163.19067101 29643.77219422 929.64184604 46958.34237358 -2167.79507943 12371.46208030 -9937.84535662 -28599.10100451 13693.18524395 16317.70478259 17105.45011007 14261.23433497 20056.86788627 34604.87694979 5424.64324476 18117.81190778 17371.33637114 14758.49365116 41698.58331291 5433.08704256 12094.84647077 2804.43668882 7755.89362441 15620.31846262 11956.48646188 16241.43564965 -4646.27679039 -6439.09464518 2446.32439906 15844.86595535 10635.53952770 23354.83522442 7072.85727151 11320.42348844 307.23549733 6803.38394758 4831.55891764 3469.00187312 2624.84921381 90.47138519 5066.89007076 3808.58650692 3511.84750139 6748.72185393 3094.17455905 8404.29462556 6271.49919876 5029.65459106 3390.14392736 5925.13146798 1614.68083994 4318.73487355 3852.13053164 3021.11686514 1287.27191672 1166.95846773 3664.35451712 2570.21951925 1736.44981366 1091.97239031 3833.72025940 2855.92560018 4570.73298945 4304.13075969 1929.61467066 526.58601996 976.83899612 1244.29165854 3055.19006608 1175.13516194 1950.38147699 3578.71849035 2035.59590694 1936.87680353 2670.47474625 1788.91706114 1161.58812271 1443.76087831 1696.73496659 1840.25536794 1030.35562354 1171.59334583 928.42743825 931.55059248 1140.07924839 1456.92552739 848.24089016 1167.50995333 802.09842977 950.46622530 923.69747190 1063.21651387 1085.28763490 679.04932923 789.12233072 730.99465777 974.88869429 673.86889639 817.49274528 739.72181615 729.91285977 533.11699427 593.73857046 612.12880423 562.82283460 598.43734792 497.28646094 534.46144604 463.05116199 390.17718194 368.96935219 412.47876948 415.97477196 374.91925526 414.47126062 412.64355485 374.73003473 360.78899534 336.61368687 287.87436215 315.68458296 300.95333127 304.29661723 296.58411645 271.21967465 272.56239935 251.54130502 256.93785130 214.88367346 213.16438179 242.09831172 206.01506959 199.11733192 190.30089979 185.80283794 173.65742016 181.49047448 181.06470811 166.40589278 149.77783879 155.89542521 143.30683858 136.79049567 123.06711150 124.38722687 127.21656786 124.32774469 115.77868104 105.93837053 101.04801919 95.64232353 98.83180535 91.73169761 86.71833326 81.18825709 84.43686060 69.30679133 72.59039248 68.32381372 68.88819955 62.31541664 60.51005439 53.14482419 55.02325579 51.15162073 47.26043824 48.62358406 41.93620302 45.21912158 40.68805702 38.98412145 36.63585272 34.53372338 32.85595305 30.84837719 29.06388036 25.86200279 26.48819811 22.52851579 21.27324424 20.13092945 19.27574845 17.37417018 16.45724940 15.17625172 14.52574615 13.16620620 12.63935354 11.95428045 10.65635053 10.09331353 8.88736626 8.32480152 7.81489560
