232439159.12607729 1652561.42296854 764731.39136951 1095288.94864280 -802903.84469445 1399212.33941847 -552389.61025248 1062029.75248372 278400.22333430 321974.40633256 -334176.10764439 278233.59854907 -159575.00433452 -484882.17717939 -338872.99027334 401430.26478938 155538.18445120 1368194.23688820 528093.88171983 -184819.69614403 674691.25932737 541124.76950535 651371.44207416 604272.31868346 290099.57749336 268519.81528904 -142.52896061 499069.72667729 258946.91062113 255995.16795359 188114.29880097 65254.25452222 337469.73305296 33322.54935944 446476.43435500 359811.63786281 6102.82181101 644838.58564366 414993.82250427 407719.02322831 411235.24298930 254169.83217791 264560.77371244 354776.95152952 81505.42257246 199901.79339784 755296.62085880 301289.67094140 153496.95234168 138839.63807610 163449.87996017 117218.65503162 259876.24851264 101258.32050888 163689.57682582 170302.11678106 164854.66266383 150075.15577618 107556.97801568 139675.00402629 124519.92684346 102330.25530122 152219.34931566 125004.55530282 94021.60131611 145379.95346679 179400.78642692 90990.96934508 106876.06407938 77830.01072442 106587.30816756 81150.64498700 128692.11545711 104644.54800087 83304.54068006 101617.05575058 64396.04125543 88457.35273396 91063.01864894 71310.20864330 90824.23520556 81812.24265330 64533.53623416 83147.61525693 57166.88091517 59439.99608341 64461.84591433 64407.42155071 55252.11844103 55039.41568387 46272.70430519 63236.73407799 52129.84136681 56868.34330145 52212.70634970 47232.17183668 37590.08938940 45296.81144613 48045.52118946 46634.07130763 40628.02911335 31538.85541972 35722.62233928 32804.08440266 30021.89291180 35306.55740156 34442.92199311 25066.99582870 29418.12925963 26415.62072074 23382.26377048 25939.88203153 23462.46418954 24074.98477279 24102.22828167 20821.63708052 20461.30384553 17946.19688838 18172.36217217 20439.87359006 19230.35666169 16600.80177177 18912.39109065 15958.90380762 15724.47771685 14679.29182141 14236.89394454 13848.34759322 14728.29574487 12177.85493758 12556.00490310 10317.32364860 11366.25874046 10596.56052710 11687.48804795 9522.61916816 10378.43671138 9324.09958960 8972.70196797 7816.90816913 7669.84001648 7757.69268104 7989.82356279 7142.04333210 6779.14810627 6785.73255550 5970.31046672 5875.59069557 5232.93981357 5217.52024105 4846.91330926 4840.67189821 4599.49044295 4497.18253381 4064.34815161 4176.74654116 3709.45504201 3770.95333146 3470.71784777 3060.37353002 3049.19098172 2587.67567911 2518.22888718 2409.01471394 2295.86310157 2049.19909467 2036.11541139 1759.93155955 1700.22748950 1560.94335829 1539.32996218 1459.75893768 1237.94514837 1120.19441766 1095.26666628 1038.03243885 942.44326554 822.60786525 711.08781420 676.49529293 584.05365577 509.99533770 469.89407044 439.40222395 343.01617012 277.88985628 277.72228997 205.01179701 161.94492151 154.58553784 142.47943919 71.80119535 60.98880895 2.98440088 7.18279369 -24.00148153 -43.52779814 -44.90098236 -61.81528020 -80.94524345 -82.89170985 -94.08659820 -102.73648285 -113.90578945 -113.24912938 -121.30931449 -118.55153919 -117.76095706 -131.25488019 -118.40663971 -126.30955788 -121.50290159 -119.36436954
1652561.42296854 52704848.35049704 -816108.05769218 1121373.69043578 286193.42644652 898573.97356480 423187.61895461 807812.14095676 1026763.13019426 644122.92227557 567475.67407687 174863.20620859 498253.66373188 344931.83851386 313069.60093516 -7835.64153644 268489.96379590 608850.13301286 266393.30286872 135042.67466209 534171.37694083 106868.54266769 223247.86072660 147218.49861935 152647.82140912 251946.34616344 -157270.92320691 254062.34482397 38833.25088958 156755.63910023 85399.84281328 111207.83701997 79022.34827272 18831.50845795 261448.43874036 160074.73511056 197222.54269232 198470.52395115 125544.81507819 104145.37328624 179608.44086123 72954.44689698 102036.53040293 90668.06054300 154005.98153936 112116.02089721 78234.96747630 87188.84365944 139736.16904727 76177.42099975 200269.11489829 122167.50947570 148020.01516339 104677.67638344 75181.72300309 77212.02671236 112532.59879361 86400.65492887 98656.03752307 96098.93861382 80610.20906852 92254.48635271 70829.63020918 91571.47578350 83347.25798165 66595.69827708 87987.12437748 63038.19174624 49504.40132582 61185.68809543 65605.11414515 56343.45641707 69309.16566509 58087.85433173 54967.62107278 67061.23726708 44969.77896645 47717.56032270 58043.94011472 39284.29527921 43103.81489934 45509.09547857 48010.99332658 42725.94342005 38641.24468569 46780.46232448 35111.85549529 37522.19673476 29472.36790188 35060.59959671 31669.35621220 26716.85855113 26940.38621133 24961.68426803 26630.20937016 27085.24313134 26415.55901240 23874.73351644 23434.31379170 23119.74255853 22940.00485519 22248.74424791 22011.99690941 21032.38477082 20514.20000374 17280.05079226 18765.67124215 19441.82668338 15381.97932311 16005.76603601 15921.37430991 14881.69980754 14246.30694043 14792.32374773 14419.55103465 12505.90429608 12269.91703832 11612.44182263 11786.49514665 11280.51772090 11104.18602103 9844.63556158 11107.34876829 9249.27460695 8723.74936422 9254.33494416 8321.69984008 8359.01149956 8201.18504260 7754.10396581 7540.00428633 7314.48088137 7470.49218316 6612.95257890 6484.38362723 6425.51368538 6409.01176030 5547.57838201 5329.71656830 5231.43765662 5159.97706362 4532.23506289 4522.70095805 4607.03840160 4081.54742265 3965.50974607 3808.16508381 3750.71856811 3481.32418695 3561.13040811 3547.49177709 3226.85972798 2896.15528121 2976.98212365 2623.15836051 2664.48287995 2432.62111880 2400.09501792 2170.64800594 2117.09403037 2050.39404384 1962.61924987 1841.71669696 1838.99327712 1654.06408381 1615.94047023 1508.02425426 1382.40691519 1337.71528070 1240.63828277 1219.59317044 1094.78243785 1081.78500088 986.99836706 938.31915516 921.33936491 834.67422966 765.07859661 710.36850697 677.29652176 607.81175919 554.98029570 542.57226489 499.86666028 474.82634240 424.64468551 380.77281593 351.67302342 342.14391714 311.99068121 280.67700369 262.12883230 229.36497716 228.10597192 205.29183344 188.17529315 160.58510151 155.10517207 144.43239470 130.69540630 116.66525851 96.85138525 92.34562831 80.52471986 73.89033059 67.39996005 59.74897253 55.35107227 47.29441278 40.75253931 37.25809576 31.27066136 27.39755301
764731.39136951 -816108.05769218 54797947.60099637 -2195941.40232731 493305.48890609 -331199.04641762 -362075.60759512 270364.97971684 190842.40741566 376239.28362172 -132519.73798468 -136755.10088480 301621.63114197 -241066.11963000 572215.56954578 38638.45777403 -319573.13460294 5846.73063546 140471.80641010 304782.07777932 258079.09809622 278928.50431362 325958.36416454 -84882.43169527 71214.93371074 116010.48627772 -47703.05324219 129051.23648011 200332.37080912 -49947.06397255 120133.38047797 73666.49189237 97500.84555791 92.98544980 205936.67160767 99475.83931501 37849.69826463 152491.47616428 51299.96831291 81973.75379176 126584.03512506 60473.02737115 58101.19497117 9714.26122772 90595.27659513 75550.78007196 -108607.72244527 54732.68232933 39224.49393562 26484.01369753 154201.52434278 87901.11662154 78375.95100573 -17743.46578654 -2349.38907214 39269.19840582 64667.91308459 44104.86470805 57721.62763883 28037.48444834 44332.92057656 38003.93323786 58004.30306206 55541.39277615 54304.62175670 43606.15250336 42528.76455217 38412.78539938 21270.21376350 18655.18657529 35891.74218055 33447.50856941 29982.48027294 11300.52817202 36167.23661952 22179.12724090 30214.45733658 25013.11475479 19003.18522814 27368.81821245 27049.42232722 24906.39487686 14447.06577333 30499.35984053 20103.68412566 23536.99399557 19904.11632696 22291.95567761 14444.33947372 25243.63666368 26042.86362331 14680.37066594 14846.60519857 18602.14179031 13455.75887963 19579.20631613 13004.95686107 16829.87660592 15631.51891520 13234.35206529 13225.41565549 13355.93134440 10144.81003907 12067.22907649 11076.66639902 10304.82798807 11767.55644908 8771.79474602 9755.56561086 11552.55924106 8441.50842316 8437.87199094 8342.96990442 7768.21333254 9891.41225702 6143.30421721 6982.55877509 7450.67623909 7111.66753094 6984.61013122 6296.50495912 5540.01519235 5974.95584314 4607.67531408 6164.68407396 5313.46326010 5251.29389467 5135.93311839 4823.05475688 4998.83321551 4297.37404342 4320.19096984 4335.25490730 4261.72635896 3456.68501238 3904.80706963 3768.29944445 3257.91735384 3510.14257755 3190.35679118 3167.48331863 2933.95527438 2897.36467517 2957.04308895 2720.27238210 2652.58363837 2365.85499161 2145.07450098 2258.51562316 2127.58194563 2045.86223648 2023.91215150 1928.46173686 1851.79721579 1890.63889072 1858.21930332 1598.16341851 1508.15178716 1445.95107664 1457.79783620 1378.15731136 1301.32389140 1294.33149141 1172.70314564 1184.61497192 1014.60959327 1089.40847893 994.50070932 906.78741257 928.85437559 791.77992820 793.44473081 764.15849902 717.04789783 667.51774272 640.80654581 603.54919566 541.15739804 529.86149025 468.37858016 463.79802798 445.34469042 426.08870718 404.44786633 380.40176601 349.77218942 306.96167802 305.60817438 269.77324805 248.49338923 232.28567722 234.03036621 216.18852304 196.80739802 175.47803257 158.35457637 152.55756737 141.98288745 124.70598947 124.90530267 117.71511409 100.95170329 92.18446238 88.74807428 79.66020501 75.34582249 65.08577000 62.08789126 52.71421737 46.61744659 44.20942624 40.72960509 37.05159787
1095288.94864280 1121373.69043578 -2195941.40232731 61068064.94194921 -463824.98587190 862842.39247719 -501805.17195376 -54437.38142809 -121324.40869282 575917.23808373 162944.93667606 35039.93343973 -479131.77233415 694114.68556892 328859.52555642 366472.81142930 220102.69882235 137884.33371573 69364.75318238 199006.19558822 166547.70425921 -78030.04980373 170646.86364255 4480.27458913 73749.59857350 172567.41341183 -30046.58527043 197885.25126607 74450.85859523 156032.61470843 214148.46017095 171090.09705064 143373.96869496 -33773.02182213 5760.38702399 84026.48955657 186768.93277246 251713.90955324 34511.30750433 -31886.19956966 21984.69257993 127195.77982865 74949.80659661 26643.82752345 57516.91674921 -32335.94352451 -84180.49657085 66207.37198699 72569.75551925 68762.33602560 50456.89156723 43399.57703341 6706.14196600 72838.92835827 60971.64951516 31447.35393735 37112.57940060 45818.22003222 31391.72054625 71871.63937832 36389.49331216 13612.20735223 21052.88703952 38864.57500811 654.69650238 45654.82270628 30914.42776052 40322.69664498 29265.44943833 28784.30903298 -2086.26647810 28886.70925912 35285.27496169 14720.09683390 25483.64650120 7233.86917225 20403.89389813 16545.35529933 21171.37146030 18088.21911575 23061.43842398 6857.14765220 22083.11789919 20712.82813951 12523.98570922 14419.04318465 16285.62848514 15088.39183342 16860.36425781 17429.79713878 8695.03511824 9988.03336343 6113.81220611 14140.59843822 7798.60330845 13695.75250166 9259.16624324 7177.71502816 8614.56261874 8933.88984487 9561.02994368 9579.98151780 7050.59032513 7892.79013189 6529.27042312 4751.99294238 6459.56582351 5058.42883669 4443.58771969 4173.88498461 6055.30764052 4733.53241052 3614.15944370 5164.87273447 3511.66328127 3929.12936669 4603.62575361 4370.99159833 3196.35915618 4150.15374203 4136.07895481 4135.37289563 2980.18430352 3980.18656874 2766.42039887 3513.66346316 2725.57415687 2497.89171587 2001.83720902 1969.89377113 2665.86831459 2644.08991559 2514.35503150 2236.71712459 2373.58953869 2185.44997785 2353.46655380 2129.82619554 2077.14190456 1789.35844847 1659.91871814 1670.97985473 1766.08893296 1549.08687282 1645.21673026 1594.09755692 1405.67848554 1404.80891287 1463.92025132 1480.36766731 1249.87571959 1133.76994533 1051.46955342 1136.32362502 884.83368307 849.38126579 868.57169143 941.14436945 718.02025421 763.79762206 820.87086684 655.34892243 687.84628281 673.30931280 614.65319212 643.89981191 519.93642525 555.84709826 509.05564830 462.87949201 476.87685942 367.84257845 374.44660783 364.44620329 357.94671500 329.51908161 329.44514485 302.91706265 289.04814512 271.22583088 239.50521182 235.22273485 222.48734375 233.56266282 209.58213574 169.85861747 164.14249715 146.63238568 150.36713146 127.44104380 113.91942263 105.32652991 104.93936265 97.65846008 93.31940852 76.29380035 81.92728255 77.81273852 70.25009637 57.39196660 56.82609264 48.25070922 37.74956661 34.75746601 36.69824420 28.29780962 29.16661925 23.67820794 22.42863406 20.92186850 18.72401926 15.77852578 15.16209177
-802903.84469445 286193.42644652 493305.48890609 -463824.98587190 13501717.43202075 303216.70270208 116270.65786310 -264676.78816382 124599.93236157 334640.30814958 235003.12533539 -135055.28032114 24862.91391944 488460.36428689 87235.32906700 235905.74062394 202853.14865506 147155.77411664 22697.55192451 298439.74539808 102150.82421869 92141.54391850 86272.82682953 175719.78727395 59988.28655642 100818.13875529 231096.60965056 129151.16617715 111920.87030571 77031.23824834 12873.50333166 86770.20168554 60069.91215359 84007.09570917 91859.60253726 25216.47622910 45383.43730770 65215.30711539 77075.17019753 52316.28918494 -2992.57908034 103118.94940443 44901.77949414 104255.10300632 33596.06661286 58882.59253683 137453.75316633 38120.41025992 65875.49802104 41469.72128113 89342.00734165 45598.28492088 53582.78514126 19430.32583376 21380.76181512 60504.46423868 57743.61208899 28697.00871955 30402.47271264 35774.79044656 21857.23500072 28656.26295773 27976.99020783 32901.74074007 24282.37477856 33637.05527693 22797.54879869 32721.59567438 27902.19677757 24056.03555335 19274.28454298 26428.62958826 23391.17848542 17981.23809160 27314.04555323 20543.18203277 19070.52690533 21386.13597395 22056.09251352 18618.11734043 14544.58411431 17943.63811980 22707.65444122 19591.39527213 15925.64522881 16742.23826183 17849.88493110 12349.35029850 12767.44221399 13870.52902025 12956.56633260 10775.72750084 10968.43948407 11824.11760887 10251.21621111 10721.16643745 13193.39718227 9491.24326755 9312.25070180 10362.94542618 8087.99391176 9150.29765293 7959.80768548 9172.96528851 7777.82133363 7188.83527894 7557.51244078 7209.71352691 6504.50247406 6825.56468661 6287.86488035 6358.29066287 6164.87398353 5589.00478479 5784.58532292 5290.34392646 4949.70796482 5508.28099099 5132.10885431 4948.24191566 4226.06224104 4352.69409848 3869.38506301 3942.51805206 3716.85474867 3498.20000244 3345.25059828 3395.14600971 3356.63949703 3030.10546153 3117.29027804 2662.92488022 2989.22012767 2760.78415691 2660.09896135 2504.98441160 2542.03080655 2347.67463315 2328.68019269 2139.60186274 2081.95701313 2130.53649075 1910.07333908 1740.51003879 1781.56900319 1689.76662822 1689.60931290 1506.44934495 1457.83327400 1414.10298291 1418.14505820 1378.53093567 1293.80436041 1214.23607532 1190.15201593 1086.53289361 1113.45595192 1023.67871194 981.07570504 932.56840031 833.52093262 859.49992055 770.42299761 766.06265071 756.15223314 708.54657916 669.52641848 620.06757964 568.72474320 555.11348348 529.20479396 524.88430404 472.97633833 442.92037643 434.84338322 397.57052566 361.12557589 357.60178904 339.64180751 313.80453125 299.75189772 285.49568917 263.74352362 245.12419284 233.26579316 211.55056253 200.11999076 184.41060323 171.23222046 157.72212841 144.01576702 143.52633763 127.86716076 120.09855268 106.47846998 95.34361027 85.59026025 81.40701028 76.73250104 68.01241396 63.72561948 57.50398468 52.26723041 47.97453679 44.05976776 40.99749564 38.69372212 32.83363887 31.18386269 27.32579330 25.36347141 22.93098364 19.59631683
1399212.33941847 898573.97356480 -331199.04641762 862842.39247719 303216.70270208 10294349.64463120 128720.72038302 -45939.60067501 165688.93204064 451214.85405078 349083.27763117 355915.54367313 25396.59059545 511504.81325044 267946.16575116 151212.60608646 -2032.78708565 220549.12245362 198217.63737942 248162.72761576 65860.91428563 -17939.58555484 123433.52605021 92321.80731055 126835.29941041 89590.59907137 -116000.69135668 30652.74381486 134829.24257336 125906.39074536 47021.25506537 74222.84158589 61954.36859582 78293.31359992 67971.92086573 83906.97488917 99032.16644977 132745.07542455 86818.71892020 82566.35416263 108609.08093355 64379.69085495 7598.32345875 26108.20345957 43584.95670885 67813.96947141 9027.08321277 19385.81650532 31030.37361003 40606.39377719 -26293.94005276 41318.44364976 36975.03383743 25652.37192680 41170.27675198 39224.58972874 19126.22229059 29047.72225329 40730.17012719 47918.93799068 38008.79481359 30208.56976006 33932.38036570 39436.73293164 39889.60824082 28700.64585502 31325.07023396 20766.08264534 36716.86517983 24513.38908465 28191.58252885 22905.93286066 22430.10917823 20747.31522996 17162.22538700 30123.47074322 20814.48802559 17620.37081336 18677.88806655 21016.09663124 16850.37578878 13933.80428013 15856.43737301 15379.84930804 13140.04282865 14300.40513983 10563.94018097 15917.23397791 14383.98203441 14135.98061161 11915.22164566 10814.95264547 13790.22944285 12786.57080604 10879.62135620 10809.46224986 10810.15649668 9661.19774140 10427.28721763 10391.85225590 9073.24718863 8672.79831554 9329.93410390 8336.57426566 8305.59083365 7824.52645208 6797.41225535 6542.37727237 6696.41908309 6204.96438316 7554.47503148 6267.33235529 5473.40492805 5594.92617505 5211.25476002 5384.85349770 5266.33950630 4831.50788381 5252.20304773 4433.33604466 4486.76462624 4297.60926936 4055.71977313 4088.24604423 4021.95648490 3695.99532710 3324.94192114 3436.11778789 3054.37279400 2942.82239052 3118.79722908 2660.60840351 2693.55107441 2510.51690350 2464.24543742 2434.91085429 2360.83091649 2072.15610833 2239.33906361 1970.00951814 2043.90640926 1861.58940393 1881.73915313 1703.46735595 1638.97826951 1554.41310960 1494.37600242 1572.58727831 1460.58040960 1400.65487537 1403.32813034 1284.39851968 1185.80051595 1198.80717623 1137.69929459 1093.06389091 1033.59418246 1019.39323391 959.26805109 890.50042391 874.43255804 825.17790211 788.23349871 732.86771157 711.40280231 662.36306078 616.95514910 621.22375960 574.56198684 555.24162234 521.01665376 478.62810459 443.29128515 433.53371720 422.70562264 388.74814036 369.58860432 346.41532071 319.22955255 300.59135940 290.84493984 272.14911239 260.19684690 247.25005313 231.88740644 211.42242970 197.32806190 184.58477999 179.80956586 159.81074950 150.07336392 140.29874539 132.50144282 123.89349105 109.42107058 103.46344771 95.94158732 90.36467823 82.05746789 76.98592111 71.88636898 64.87817576 60.51153929 55.27424511 48.24642912 44.88311374 40.23943360 36.13528613 35.14310351 30.32860228 28.57915331 26.09859772 23.71000982
-552389.61025248 423187.61895461 -362075.60759512 -501805.17195376 116270.65786310 128720.72038302 13696305.68681835 188889.92927061 -161831.43570711 52682.27269515 196395.56438871 -123149.44273285 -58978.28813177 5521.26833016 -83776.86007595 125176.06654214 -95195.46230180 102690.86690661 161048.47712038 -91243.60003896 173158.77884707 26376.43238571 61822.46279767 62759.00027434 959.78120342 7955.55528332 160702.60418687 26384.67257705 118997.90947251 67027.14158596 112936.05476206 22711.48019090 44970.97514342 56379.96134563 4500.74388675 63962.16700754 -110349.89747709 21746.12745283 14955.15956213 33938.46095054 101253.46720424 3817.46492599 14639.01460680 40769.38930583 27789.33020183 12933.08579565 -138418.63362468 28384.24120798 42788.86176317 35519.59208736 4572.14847062 10126.16311502 38274.51582112 14878.72683873 19355.99007703 16155.31452902 35518.82912789 17409.00532921 18494.57535658 31009.58088133 16441.87339178 14205.75402953 10060.53734846 30296.42201770 27550.75406291 22497.13486809 10120.67174178 2723.46060750 12979.50363857 9015.07337574 10296.11849488 9368.65696539 8137.79648736 10365.04199726 10548.16323263 -3037.65932447 13257.44015748 12912.00932589 9204.57855500 9518.21407524 8659.65026171 6986.45047437 13058.23887680 7330.87699472 5404.73480888 5679.90527618 6544.79237174 8215.73843811 4306.12433217 7361.26773299 4208.93668056 4877.37024204 3284.26645721 7213.81536689 4840.22852039 6451.03979412 6115.88471829 3088.80532157 3915.98813271 5906.42853761 3959.57672395 3783.48759795 4213.86727328 4523.09861466 2133.34113956 3134.24847498 3038.42588038 3027.22034588 4046.29658661 3167.57553760 3096.54548591 3214.10713901 2446.38857877 2369.51303682 2555.70747640 2872.98955531 1867.74477281 2171.08521497 2421.11157408 2096.03291676 1890.77255555 2024.12771434 1758.01862431 1693.72730200 1654.04990754 1432.19928830 1854.86259604 1569.10154419 1803.17517983 1472.45589597 1414.92733920 1549.36265603 1266.63231746 1274.62725374 1414.14740891 1175.99276193 1184.42636615 1058.41901848 1078.97587083 1032.84945287 970.01796204 1007.28629614 1036.26818539 880.55376393 829.97567675 849.50696957 763.76731407 682.67040340 745.96117788 750.32587737 675.88655708 634.50264416 661.72971390 671.40201710 534.23604511 556.97516434 504.58000003 531.70195391 453.31687954 478.52728089 412.62879437 435.51796705 404.64586262 390.24057631 349.82448221 342.15237005 298.62767686 298.99279532 305.00682810 280.19924596 245.08347055 239.70549907 239.89360702 229.27158857 214.31736856 190.66081057 182.67347247 182.07989322 164.62954526 157.61782934 157.45796556 157.49702186 141.20815914 134.83355850 123.54376528 112.72817608 110.20377800 89.20267816 90.07192002 82.24361502 79.27220522 77.04742213 71.73200535 62.39329507 57.85671955 56.95627996 48.92386302 50.71407062 45.20668239 42.22018155 35.34561750 32.33338922 32.60907793 30.44687844 24.91715976 25.42809638 22.98088598 21.95960406 21.05598504 17.37976576 15.40542191 14.62173759 13.07740243
1062029.75248372 807812.14095676 270364.97971684 -54437.38142809 -264676.78816382 -45939.60067501 188889.92927061 4479060.13443891 79293.39551634 -146835.22596510 135274.18779974 173777.42175205 29101.32330031 107499.48342399 75434.33605121 -2824.66619777 72680.60424483 88005.28006160 85495.20911949 -9517.38889139 -44198.44668154 56161.88860794 16721.42372924 60442.46703425 39688.02388271 -4339.64544008 42229.79378143 115248.77913823 15634.77875355 40535.74221135 69708.81407069 34482.05683997 27961.68454102 12922.25857847 6250.40467475 47264.49909869 65380.51965869 46118.93044167 51937.47930680 34957.07750454 95733.01312791 25256.28467387 46072.29114737 3102.17840723 58185.38340364 17699.90162860 41691.75894065 29578.81834017 13561.49585842 14834.98576900 25757.99032900 23584.41333069 18524.09660303 6157.50892429 17029.86970238 18275.61855451 34703.57832246 23547.37661743 4200.50737000 14908.85682791 17856.56807712 17444.21653767 11351.84523552 9728.38797201 15608.88378420 15005.87815109 24070.83407805 11506.16202732 15102.45420451 10859.20286771 10457.20492857 13013.96471708 10683.84910014 14544.69965779 10231.12446919 13398.22150282 10301.42532396 7309.36418093 7320.08442493 9488.49653449 7937.26239043 7063.69391657 11170.47839374 9073.23957241 7011.03314861 6900.83600878 6841.09596175 9163.10376456 8517.49929839 6884.80484837 6411.27692243 6867.81454482 5641.21637756 5860.51419066 5687.47410902 5175.79418699 6043.41374416 5460.51527908 4968.91484865 5856.50678121 4504.66931018 5176.67939666 4481.11789049 3485.38084960 3555.45532735 3817.58237674 3732.76784769 3446.25213993 3826.45352014 3670.18192001 3076.11703546 3308.57659839 3016.93741004 2909.50776162 3066.36056858 2435.95479963 2691.44502927 2447.73748740 2378.33477312 2465.54119110 2017.24405631 2132.47015887 2371.49478945 2264.35231571 1819.98909047 1874.89101860 1637.30348039 1797.43263135 1697.48007453 1590.21048186 1735.65560632 1550.89277113 1386.04207836 1367.30758737 1353.78502481 1243.50228283 1175.85947791 1147.62785642 1132.48819722 1102.33116736 1010.06045146 902.37389343 936.92272312 891.81121575 907.14758508 895.02722033 776.13524419 769.26033754 728.27182038 745.08753018 757.14522382 649.40428185 591.79509918 638.20469390 530.26972397 536.62435841 489.01576271 472.95374115 486.02181477 453.28597669 417.94297707 421.81748779 391.64041774 343.84058419 363.41253749 339.49680022 322.96422243 302.41250470 304.13247176 262.11718631 261.33483275 259.67799157 232.26780183 217.73133273 215.41149579 200.80693523 186.02811094 170.39595678 168.78371170 155.57488923 143.29016939 127.37581908 123.74205838 116.75926347 106.57799459 103.34581092 98.80378714 86.59239831 83.76946323 75.78042498 74.89357056 66.07350129 65.92236411 58.79834801 52.53511011 50.71927952 44.97329301 44.30239808 39.08308436 35.08400997 33.03136821 31.08226849 29.01400768 24.98174285 22.88382393 22.31607907 19.54580669 18.06453622 15.64022019 15.05052663 13.95085095 12.03984512 11.27920510
278400.22333430 1026763.13019426 190842.40741566 -121324.40869282 124599.93236157 165688.93204064 -161831.43570711 79293.39551634 4807100.88616162 10360.69455731 -84285.48905628 55366.70932125 -81072.39822666 -112972.54804394 74283.94749941 -16539.81303730 27855.95495626 2254.07196356 -14858.53378785 6940.02268905 -26743.27222307 -24616.28627619 13312.91786686 -8329.33509900 3966.20246855 47633.03118042 -123670.02301788 48618.04089663 16753.25167376 16132.36299338 74557.37279260 1988.97492721 16560.59808915 -23022.08329736 -68606.06776050 30727.98162371 12568.44035901 44006.75940457 -12425.84851650 2606.45848495 -3392.30974590 38273.92449209 20608.04514927 13225.81033625 52187.40779279 37301.71565869 73922.37431555 28301.02226579 27857.26744891 16100.70105285 19447.21628949 18036.98887775 19046.26661254 26424.47038942 30850.53042610 5361.22180546 14883.28391465 9493.33057070 28577.48180917 12809.20750338 12592.62249600 5991.41843151 16221.28059621 12855.82366605 13072.88672275 5973.16909041 8698.44986253 10313.50826325 10271.64663388 6009.86212780 5825.41071520 9689.35743896 7769.24079036 12905.64800622 10051.12978620 7382.83007944 5315.65131083 9079.77087947 6159.73136610 8389.79329015 7540.44473841 7676.12851482 8947.46663912 6771.44493492 7501.41043990 7801.18535462 4810.64873069 7752.83613448 4374.37042340 6341.78814476 5542.07186167 4770.04354920 4780.44382807 5096.50175744 4342.15803257 4551.36416083 4261.49653939 4411.54422888 3213.89140435 3765.71148879 3633.37158800 4234.35308345 3287.24051255 3207.04782347 3170.48281646 3002.84548980 2825.54281909 3243.47900157 2673.12860999 2872.90785003 2348.94637366 2727.69314631 2094.56515084 2252.81754963 2475.31197099 1830.23093607 2319.38250992 2130.06454618 1962.60196379 1868.87314942 1851.50364134 1810.62640170 1790.91087332 1602.49115821 1766.48091530 1384.86896729 1532.83039240 1252.22986649 1284.90906508 1248.33512313 1351.20552704 1193.01797422 1260.06062017 1109.76200284 997.68371968 981.61460854 1043.90773309 929.71522732 975.12968042 841.31850239 856.82297418 756.86797993 799.07337074 760.20485121 724.00720620 698.67724548 651.26142088 647.01365058 639.79877421 598.72106507 561.46642643 543.83726703 521.74016031 489.92669821 459.65621041 466.45687380 467.07630995 392.47820517 387.00392778 381.11456252 359.87674490 373.81900737 349.74393946 297.61043958 313.57406402 290.98475481 278.00115873 261.67395186 254.80128754 241.84946381 232.06997133 214.95587295 200.18916255 190.02946386 180.81475011 176.34353497 159.55673301 157.19193455 144.56243070 136.72487356 133.99760938 122.95074881 117.90990612 102.96488942 102.45665254 93.35233899 82.24514474 81.76719070 76.26958950 67.46435108 65.38132147 61.28732593 54.86169713 50.73514676 51.88599736 44.07513528 42.82108698 38.18396336 36.78314236 34.77274257 31.92758702 29.02600264 26.81083181 24.52124879 23.07984319 21.92841442 20.81023927 18.38749245 16.83421374 15.06441010 14.02856213 11.86271310 11.12051370
321974.40633256 644122.92227557 376239.28362172 575917.23808373 334640.30814958 451214.85405078 52682.27269515 -146835.22596510 10360.69455731 3489699.14649071 208144.15567469 -72765.28503779 48128.87376025 23729.60061059 43864.95664311 72198.09225174 -1103.87715338 115867.21237599 51371.43522710 114045.67063412 32634.01014073 47896.77389658 79584.81491845 50561.79712087 30559.15264064 4382.73701165 10884.11635309 -10258.69815098 13961.72347540 48666.02898898 22168.43020330 3919.95918549 1358.03960591 -7222.03555800 -7392.78155908 21900.42612382 21098.46874529 38266.71786984 30271.90756384 39654.94296593 49488.25092405 39344.24921956 11655.33888241 24800.19953637 16343.91412863 16023.24225197 8160.76366443 24678.16687674 31255.12277821 37838.34544446 14702.82244523 12178.77374555 -225.92170380 17229.99275166 14064.17416076 13080.46674793 14070.17605715 12338.46412627 9978.13357972 21022.61343987 7276.93042225 13122.85704887 7647.76976679 11913.13975989 2926.42396503 11997.02532292 8240.39142776 13635.50386440 9082.74678643 5672.82127331 10131.80079430 11911.96693099 12634.25096997 6779.85911988 6048.08553033 11382.19097725 4554.30594375 6648.77953406 6629.76723574 6537.33227230 5685.64700828 5710.04982952 6648.79236488 6966.58290309 8002.07164369 5543.31852696 4899.19884201 5541.66207436 5114.79370939 5684.36262537 4414.85787607 3835.66266083 4379.65404713 5277.51212264 4754.40269874 4510.58105183 3980.75543003 3792.54980537 3708.36907912 3990.76270792 3927.46251690 4130.31255779 3986.47838637 3572.62220376 2717.60283616 2767.40020616 2775.26702602 2579.44444080 3102.94573085 2355.11053642 2777.59770539 2631.03316208 2487.67341498 2429.42159266 2624.19347752 2138.53616314 1935.07418963 1879.50707171 1774.10766406 1645.82148575 1647.83477722 1603.20806701 1688.62560347 1610.83020846 1637.92943144 1270.22290484 1384.55059860 1173.03933916 1304.18730506 1218.43595788 1186.00007389 1108.33473616 1101.87934820 1008.59219409 968.48857643 1038.01096903 987.63764357 877.70607651 814.18819613 729.62386840 740.68823580 721.24740894 703.88283586 674.71611281 663.31553441 581.07927397 617.43522846 632.77538791 534.68169018 543.01509394 521.83498632 461.40511562 485.40334252 475.20224499 377.39603796 383.37922546 380.04089592 353.61981650 355.37025469 348.22649962 327.52765295 322.32993790 303.22978450 287.00678213 288.87906796 254.19828092 255.21475586 230.73938059 209.24628464 212.84113812 188.20895597 179.05375088 162.50366759 159.94951076 152.44162362 145.56371185 137.87385691 127.56026927 116.70365757 107.15116141 97.80220169 97.40432625 89.34877005 79.32821833 76.63955876 71.82304609 63.24918644 58.79344734 52.39085398 53.70151656 49.72055202 48.25544672 41.74428259 39.47165312 32.46172215 31.90554715 30.32686844 26.72154144 23.14377728 23.73704808 21.06492953 19.19354396 17.60490287 16.99738639 15.22580657 13.67396527 13.35460047 11.85047968 10.96997634 8.57054727 8.00831204 6.84459235 6.15116249
-334176.10764439 567475.67407687 -132519.73798468 162944.93667606 235003.12533539 349083.27763117 196395.56438871 135274.18779974 -84285.48905628 208144.15567469 9137210.06246197 -200919.28476309 138027.90836268 230695.38778113 -55134.53730688 4648.93317290 26969.08014636 121682.00425438 11462.97092708 180571.00069184 -78420.77078191 101805.55890645 -66263.26250370 79121.10202391 25976.60452573 -10561.69533443 22248.65546459 -18764.37189176 20913.39022807 58856.38509152 19390.99944562 -14489.17977814 50354.93487871 19253.27951578 -67032.86530287 -52729.87133152 -13340.99219362 139976.36759494 7570.95348876 62237.92661265 55086.02694494 1345.10977992 -21049.34465480 -2482.40078695 70273.94624714 8247.38114354 -61569.83613200 -1603.25236306 16957.79827992 8078.16688971 1001.69602576 23177.77490729 15.04968654 41814.96400277 21691.08315877 14769.54894312 17665.69408392 6692.25142469 5261.58893818 14060.26943774 -1886.17664421 2042.98957848 10709.05280531 13430.39179315 7295.46623527 13121.02880479 11746.18561019 13570.53389782 5520.67463640 11575.02790870 10406.95942116 4225.13294611 8313.38949520 14948.00476906 7411.07307941 16816.34180166 6941.04045151 1579.30274046 6257.53829945 7210.64587881 12657.34601632 7397.18794586 8758.56773517 6229.53757966 895.77478453 6580.07764451 6728.80758809 2951.97826922 5073.29864209 6564.93456450 4172.37217880 4428.46586512 5410.63860185 2033.83468356 5571.66540209 2767.25398127 5235.75967737 3686.92034251 3844.03783591 4530.18120731 3672.70074921 3006.54742430 3596.06330066 2701.41930397 2823.16861045 2493.67088013 1842.40168198 2337.26774624 2710.32485715 2449.97813946 2778.40907211 1940.91276229 2458.25770358 2202.60378873 2218.47929360 1932.49134590 2185.78579426 1604.22911821 1991.26576532 1994.52767044 1694.08902515 1819.06344007 1628.43106234 1218.09136687 1240.27181676 1149.45108021 1477.42862343 1175.59101623 1320.21787823 1066.24345597 1185.69345379 1094.33336476 821.79140152 1164.23560430 1049.48487017 1022.38712551 1073.37583062 886.46471452 859.61336234 717.57281620 826.62236642 744.32597246 727.14217962 720.08388195 734.90259069 640.84208521 545.24834617 634.01038908 582.34592128 571.65082324 594.89853940 478.21983145 509.46657272 469.02211372 395.86117400 415.20401658 400.98907070 364.87319598 375.68207590 329.00850840 347.70254626 304.71292508 303.46676567 296.36638388 273.66997251 282.17374165 252.56588184 233.42482987 207.52532199 201.82325433 196.03655440 165.75141155 184.04511521 166.51242810 152.72534334 160.15094730 156.63996790 131.86663821 126.40467708 132.04526238 124.92666139 110.90187280 107.75220107 101.82176280 94.69862455 89.20321884 78.96266322 77.94379652 69.05730669 66.33900573 60.30235707 56.61882420 56.37128258 51.06419158 42.70292991 43.08102811 37.34041074 34.56970380 31.72581776 31.42559477 29.33175219 27.34795256 25.90455877 23.04053953 19.75366065 19.91952006 17.85445743 15.39212921 14.80524909 13.31939673 12.69579164 10.85439467 9.25530381
278233.59854907 174863.20620859 -136755.10088480 35039.93343973 -135055.28032114 355915.54367313 -123149.44273285 173777.42175205 55366.70932125 -72765.28503779 -200919.28476309 3201771.03521373 -20382.78797444 -149513.68162264 -88703.70671435 -3790.51455883 53843.26340032 106992.65369469 77266.67820064 41406.79233171 -26586.36774064 37112.96017689 18277.02358117 17742.69254382 20064.84540427 66044.38351229 13554.67247833 36223.93018606 20385.82314445 -9892.95277764 -9893.36623703 51157.41768210 25217.39051526 28562.33882693 -18395.96098551 12962.94152479 36792.41169336 71495.73104268 34711.07355145 5029.39076160 16335.44286395 15811.22283687 3641.50451304 5296.10827987 10450.98153944 3487.50571192 -52436.20749458 12970.20761312 4453.62005182 9039.10885849 29921.89888960 14592.96757033 9737.47187313 4006.96674674 6733.62878196 11103.57828872 23467.74550734 6733.76867823 8898.12795136 12580.53132664 9414.16693634 8119.85561143 5375.60558910 9991.51301269 12814.37973418 9715.05118451 4412.88873670 2005.37437427 5184.57220342 7505.33025549 7597.15984819 11018.25352501 3003.94589954 6830.80602590 5923.16495678 6837.28946409 7412.88865750 4377.04728394 4654.47126320 6422.16885468 6877.24967568 3711.10390963 1619.17625254 4963.58761188 4295.87147550 4638.13242826 3356.33117663 6049.28481820 3879.08286084 2844.83894540 3415.00002750 3382.50227103 2970.08360704 2553.51555716 4247.34901150 3817.98025272 3374.89469960 2908.65998513 3224.59475077 3025.88949456 2826.44326931 2714.69370210 2419.09618168 2391.40504027 2567.26813119 2651.91002052 2013.02028866 2196.00966918 2200.72964983 1928.70356499 1867.01560913 2006.72481622 1677.76619658 1494.93035493 1550.74112231 1567.88718246 1477.02293983 1209.70240238 1320.19402626 1364.47550163 1627.54495411 1314.20142520 1245.38012096 1164.69324258 913.11072976 1159.48071543 938.40544737 1005.21179637 938.07451108 990.29603377 906.94317886 831.55345260 779.46943681 776.55268070 819.17701812 728.10567837 699.21871702 581.36896775 656.81794426 629.40959989 641.15840572 609.43018169 569.53268517 499.83507253 521.95544011 450.49742841 480.38430044 458.22968956 416.78639561 417.20409755 397.78573271 384.42280506 369.43328501 357.08221714 327.28305196 327.66750810 325.76848422 291.55122452 297.53091244 286.61184536 258.10709824 263.32587856 252.52716706 224.11489976 212.60469413 199.46768663 199.11410804 196.05421906 182.41014582 176.91362603 155.51379650 144.02021446 142.08366194 129.89230567 126.61069861 115.82641705 111.44008528 104.66615259 96.86566570 98.46378184 87.42355568 82.22657698 79.22322190 71.80469548 71.58013057 62.03526993 58.82483727 56.96217866 53.93604584 47.25310803 41.14936890 41.72590427 38.73979951 35.40350681 32.64132525 29.11209911 30.73499346 27.59333780 22.78120533 23.40806851 20.98300594 19.59004825 17.54482759 16.04757765 14.85651524 12.98143725 12.36846389 11.51641191 10.34720754 9.15780160 8.98221054 7.67306125 6.87902209
-159575.00433452 498253.66373188 301621.63114197 -479131.77233415 24862.91391944 25396.59059545 -58978.28813177 29101.32330031 -81072.39822666 48128.87376025 138027.90836268 -20382.78797444 1277606.01051714 -48908.80971339 20035.30003803 65074.39216280 75541.14422801 -25643.80206955 17455.25337907 9738.97002778 29567.44895964 18657.94723721 48843.28991656 10755.96206486 18700.91661707 -1317.78276120 -18505.56383939 19216.11742924 20790.36975108 29707.85189835 14794.67790888 22529.28583384 34222.98656972 14256.70198549 23115.48349087 18997.00268432 18798.54766028 44056.77509189 11864.47936486 14700.33249214 16643.59644218 9905.26519376 20827.41335859 15517.21845290 21714.75839865 1368.40049762 8948.93829973 7571.87831157 17996.55050643 13493.33966935 23897.74188049 10270.46171255 14264.53335309 6106.85628658 8187.97150280 8206.44508844 9453.76460971 8135.24643989 3717.36198843 7221.60885954 6014.80274382 6258.52292168 8581.69967283 5807.39396252 9134.07367901 7179.40999944 7312.76726287 6045.68317943 7098.67293379 4182.74316534 5902.42208988 5501.43366974 4017.36910969 4166.18900620 3793.69681315 5512.75217742 3914.81858546 3161.62280545 2459.46641923 3887.05462676 4614.24715167 5182.76920254 5905.91315814 3536.84475514 2138.68478507 2438.27370832 2640.15501041 3783.15667468 2225.68756516 3489.58342778 4262.43121106 3191.07959290 2692.37915464 3862.33560692 2609.02219200 2039.88298493 2217.76933781 2639.57802382 2685.31357776 1934.55900162 2148.48558756 2193.46728718 1812.03501643 2232.89714496 2199.12628945 1568.99256824 1625.96922707 1360.55415593 1605.49071102 1683.29533551 1627.62855547 1319.69486509 1233.96472163 1211.01746972 1233.19043059 1394.43642239 1186.04150021 1198.26614194 1075.16382338 1103.68212921 958.86581481 964.37089860 1002.05297938 998.33973030 891.99617663 851.27211738 859.67289363 740.28735790 742.84333852 731.55959557 683.35763678 633.49478932 650.98711074 678.58992564 651.80175991 593.71288671 574.13261709 566.87685675 491.60522545 477.48678440 458.86817599 487.25669113 418.44575643 412.47963905 441.49257772 413.97138693 372.07556146 348.27439373 339.60968785 336.92375470 318.83905053 301.17955027 280.34962442 295.21660468 269.06287794 268.12354541 238.57228451 234.89544990 229.16210201 225.31042557 206.94152780 194.57709909 187.57011861 184.94539000 171.07372091 156.49777840 150.15873029 140.52432865 130.67561004 119.37665270 126.90323337 116.67724905 113.33308216 107.91903865 104.27408215 97.33715976 88.43838091 82.93768698 79.01315522 74.21798790 67.99928043 65.45971563 62.20423124 58.29762847 56.75489716 53.62239239 49.06852588 44.59217833 40.66487035 38.76951189 35.67856103 33.77147756 31.00218700 29.97628337 28.00299315 26.00204599 24.69801096 22.88582691 20.07169912 19.47247637 17.72353441 17.04708000 15.03183161 14.59470096 12.94548538 12.20619152 10.99987283 10.24241275 9.79324987 8.76941031 8.18640222 7.44949267 6.37490526
