323280400.59101999 2298560.67566599 1063741.26821206 1523645.29395538 -1116983.63169374 1946688.51734814 -768625.31972722 1477871.04633517 387431.67098571 448100.18663881 -465114.85603195 387272.60204474 -222130.60650544 -675046.76695835 -471806.92687372 558945.04875805 216577.13579743 1905276.89276498 735427.21336368 -257403.83040200 939796.43022450 753786.05323046 907406.89411793 841839.79748801 404220.70841320 374174.58790162 -198.63536682 695574.68185681 360930.23155237 356841.38581827 262238.92677661 90973.95672739 470556.72628904 46467.72923698 622657.12901271 501838.50354658 8512.53683918 899539.19026597 578965.55540511 568873.08056597 573838.09560133 354706.42971638 369247.80845742 495218.37116952 113783.21547653 279100.26817805 1054665.04531553 420761.79495510 214391.97563684 193945.91569463 228355.71895897 163789.45548968 363178.00513455 141530.25344581 228826.91358902 238108.89635049 230530.44774728 209898.53223333 150457.84259622 195421.66650639 174250.02152946 143225.46039139 213093.64281382 175030.30532494 131675.25984231 203644.45109938 251354.32658511 127513.67042534 149808.97485068 109120.39542767 149474.93404392 113831.23884245 180563.79030328 146861.24380626 116942.87993352 142688.47467926 90448.48407168 124279.23763375 127976.97928013 100246.52702700 127717.32973386 115079.89252201 90803.43442644 117032.04379443 80489.67336130 83717.75234137 90821.15661129 90775.36399990 77898.84643524 77626.15106776 65284.98134377 89251.16733000 73601.84970056 80321.60973923 73773.27399115 66761.04784609 53152.31063661 64073.88148558 67987.91934111 66015.85775322 57535.68434585 44681.14544626 50627.74718809 46509.31598056 42581.06366121 50095.60558499 48888.78960911 35593.90625286 41787.96848611 37536.90520419 33238.70032891 36887.86385290 33376.83705825 34260.32405558 34311.06503722 29651.11151229 29147.80663968 25573.41650479 25904.10539929 29145.62463835 27429.46954641 23685.95794805 26992.12001398 22783.42875545 22455.07547144 20968.26155965 20341.75292103 19791.72573849 21054.62896560 17412.94033062 17957.91416748 14759.49473901 16263.68545228 15165.62755142 16730.45553809 13634.25144823 14862.51657991 13355.19227844 12854.24874420 11200.46709779 10991.64319067 11119.40837903 11453.98913329 10240.24312269 9721.40272690 9732.27698188 8563.99675842 8429.28989518 7508.32651942 7487.16927531 6956.21606336 6948.09931131 6602.69094425 6456.55734695 5835.78214977 5997.80633655 5327.32389675 5416.18379253 4985.43901815 4396.41888993 4380.75019710 3718.01974029 3618.54369341 3461.89326509 3299.54972692 2945.27747632 2926.69024961 2529.88879204 2444.23507618 2244.15272052 2213.22404914 2098.95096723 1780.11956090 1610.89395096 1575.13715304 1492.90990180 1355.50551843 1183.20935203 1022.85463126 973.14309975 840.20498104 733.70020041 676.03890935 632.19734122 493.54084903 399.85149958 399.62600706 295.01105742 233.04655767 222.46394546 205.04911518 103.33604496 87.77772400 4.29541257 10.33842191 -34.54710258 -62.65454753 -64.63290468 -88.98262839 -116.52306892 -119.32804338 -135.44709272 -147.90293238 -163.98636501 -163.04457507 -174.65252560 -170.68559433 -169.55073130 -188.98276431 -170.48686577 -181.86911906 -174.95124113 -171.87490762
2298560.67566599 73312362.01215421 -1135280.13358130 1560033.10123161 398172.45031898 1250244.51585584 588884.90281253 1124186.88728039 1428973.21270961 896501.06600217 789878.59784150 243407.47988594 693621.13898686 480240.96811389 435909.70629314 -10910.93185408 373879.72882453 847908.58187353 371005.32647425 188090.15592004 744110.79028150 148877.42652541 311020.45225459 205110.27614806 212711.19870978 351102.80223326 -219194.76456179 354120.54443733 54130.81385855 218521.86807666 119058.58155988 155050.05591397 110193.34613973 26261.92893743 364640.37834865 223274.87101637 275114.29078940 276881.13751388 175161.29940057 145319.09047621 250642.13119983 101818.12848004 142421.78975607 126568.01170458 215009.46089527 156545.11547396 109251.19578414 121770.26633963 195184.75054257 106419.62220337 279814.06908136 170715.59951695 206871.98249020 146319.06601268 105105.78823758 107961.47521392 157374.25574247 120849.79426236 138015.60354326 134462.41064331 112811.22446393 129131.42585788 99161.68296311 128225.94439222 116733.66990215 93291.59418373 123284.76988807 88346.73094793 69395.20695423 85790.05995145 92008.69131698 79038.96669195 97251.80612971 81527.51636476 77168.54903599 94172.07324903 63167.13178805 67045.73491836 81578.36178320 55228.70720315 60616.66956644 64018.81567155 67559.40012590 60141.59402309 54409.54033054 65891.83152166 49472.78432914 52886.96244252 41555.20261690 49451.77214262 44684.39885548 37710.14010237 38039.46715568 35258.51320390 37629.26329451 38286.55134552 37353.97968300 33773.82248453 33163.42408387 32730.76936777 32488.77344144 31521.88321754 31198.44840260 29821.45520146 29097.87686185 24519.83561939 26638.00417651 27608.23943567 21851.27143801 22745.86146015 22634.26067920 21163.93072876 20267.59115255 21051.84339840 20528.49087767 17810.22838207 17480.04247443 16548.86286181 16802.35586380 16086.16340291 15839.63174580 14047.20161686 15853.64930352 13205.41280010 12458.61459905 13219.98057853 11890.86515138 11947.27645149 11724.65275500 11088.20424514 10784.60615420 10464.44566556 10690.03004597 9464.96807314 9282.89779614 9200.49127623 9178.67011296 7946.48322037 7635.82300570 7496.36045147 7395.24165312 6496.65520083 6484.04070881 6605.98983743 5853.38299621 5687.80927664 5462.90473634 5381.23819613 4995.39874620 5110.57386065 5091.63766294 4632.00201089 4157.77873915 4274.30005511 3766.69938044 3826.44551011 3493.82980387 3447.45775471 3118.18433104 3041.53667674 2945.97784314 2820.11087608 2646.60864626 2642.91164699 2377.32908238 2322.71380200 2167.75890109 1987.32928102 1923.21531453 1783.76946186 1753.62578905 1574.26287679 1555.66832084 1419.44399806 1349.51392213 1325.16690780 1200.58071112 1100.53300251 1021.88649841 974.35912281 874.43973760 798.46940122 780.65222082 719.23840266 683.23734600 611.05458925 547.94532240 506.08886150 492.39367345 449.01482307 403.96228139 377.27952438 330.13346473 328.33158443 295.50226537 270.87221730 231.16359070 223.28132116 207.92287981 188.15215027 167.95821524 139.43636097 132.95256286 115.93630248 106.38670861 97.04398964 86.02969737 79.69896128 68.09964640 58.68104341 53.65024195 45.02935508 39.45279965
1063741.26821206 -1135280.13358130 76233944.81924883 -3055152.73257391 686366.73899494 -460849.29644198 -503878.07761582 376276.68087885 265617.96013756 523690.77402287 -184468.57548806 -190374.04835017 419916.58915095 -335653.22800909 796790.30034813 53806.63039426 -445043.90088318 8142.92509672 195647.69603380 424534.69556966 359532.82722307 388598.02796662 454142.87038781 -118269.17735533 99242.92306146 161678.47601475 -66490.04793967 179887.80378424 279267.67357393 -69632.24928433 167492.76776350 102715.32634014 135969.82864242 129.68365339 287237.49022964 138759.71393059 52801.68072873 212751.02014383 71578.93001886 114389.52101476 176658.68598096 84404.14594156 81102.55747747 13561.51279607 126489.43855271 105496.85833376 -151675.25284100 76446.18180079 54792.75390940 37000.53294390 215463.12971826 122840.22621890 109545.05656359 -24803.56055773 -3284.71755590 54911.66629072 90442.57425178 61694.16682150 80755.44561249 39232.86971473 62046.50692896 53198.78653930 81211.56054784 77778.79086139 76062.45593622 61090.38120140 59593.89889944 53838.29100919 29818.53107614 26158.65728803 50340.14080051 46923.48617244 42072.98153483 15861.57643265 50778.21717020 31147.53989446 42443.76794509 35147.09444226 26709.95918064 38479.61196777 38041.97759174 35038.78429805 20330.75335387 42934.13582911 28309.24779921 33154.82917831 28046.85713078 31422.24909737 20367.45612766 35607.63827985 36748.03741032 20722.32613001 20964.59590523 26277.36344700 19014.63789771 27678.16677668 18391.39689464 23809.55857652 22122.64409161 18737.19739944 18731.72911285 18923.85266969 14379.57996383 17111.04759319 15712.47214340 14623.18636194 16705.23531934 12457.15404112 13859.43963204 16418.47658452 12001.47285537 12000.66886823 11869.95966344 11056.14178554 14082.90717788 8749.53833298 9948.19262104 10618.64315101 10138.77932343 9960.80279009 8982.28084824 7905.50934245 8528.68877413 6578.92453622 8804.52893268 7590.87803484 7504.06280496 7341.11586041 6895.63553771 7148.69836499 6147.01936866 6181.08038209 6204.01839851 6100.11516193 4948.83989089 5591.54049214 5397.12936009 4667.02701664 5029.27316223 4571.90702317 4539.91439149 4205.90645415 4154.12680247 4240.35727763 3901.42457685 3804.90500539 3394.10060444 3077.78902306 3240.98872784 3053.49220888 2936.57574400 2905.42078134 2768.72157817 2658.95467707 2715.02458360 2668.75247231 2295.49941493 2166.42819426 2077.27841602 2094.49312854 1980.24837864 1870.01142901 1860.12079407 1685.46338256 1702.71874555 1458.47179742 1566.10952551 1429.77519870 1303.76233950 1335.57999695 1138.55799268 1141.02416222 1098.97605133 1031.28505444 960.10411083 921.73615452 868.19196149 778.48338215 762.27213902 673.85423876 667.29583372 640.77523871 613.09639453 581.98256378 547.40409903 503.34796932 441.75774947 439.82652657 388.26768851 357.65361898 334.33754171 336.85995293 311.18869301 283.29972630 252.60423427 227.96134393 219.62241590 204.40468501 179.53689528 179.82847742 169.48086023 145.34917883 132.72930748 127.78441508 114.70171498 108.49179886 93.72009697 89.40509335 75.90869248 67.13057432 63.66410486 58.65399367 53.35826769
1523645.29395538 1560033.10123161 -3055152.73257391 84967808.42788352 -645390.39904690 1200685.88186722 -698376.16264648 -75767.36303538 -168872.45330153 801676.10762521 226835.36985622 48781.54625543 -667088.72041391 966526.93758768 457955.07128053 510370.83696503 306539.21252611 192048.25147881 96616.76556578 277216.09384970 232034.43807819 -108717.04938716 237769.83709769 6242.90137451 102781.79838022 240514.81224165 -41882.60347764 275855.12368100 103792.82334211 217542.40459097 298590.09415544 238571.30871638 199955.13137654 -47105.13358809 8035.02395874 117216.85972478 260566.17684888 351205.55484300 48156.79742404 -44498.18087272 30683.47447582 177542.71220895 104628.03762198 37198.29654703 80310.51029269 -45155.86750465 -117569.20540403 92479.07869069 101379.35370597 96073.33720724 70507.10249011 60654.04806525 9373.69421414 101827.99701766 85250.92705796 43976.91636117 51907.87946717 64094.96302647 43921.42754599 100576.53282085 50932.51022632 19055.91532199 29477.95704972 54428.50716178 917.06823384 63964.61717571 43321.98260018 56518.82347224 41029.63632526 40364.51498960 -2926.29257257 40527.76420890 49517.34122939 20662.66580454 35780.94215465 10159.63316186 28664.22921062 23250.15374905 29759.38099262 25433.05484845 32435.42266951 9647.38787705 31078.66043236 29159.46035133 17636.94335311 20312.35692328 22949.53566219 21269.63947860 23775.74501042 24587.34640476 12270.00761093 14099.68941126 8633.75079673 19976.28408724 11021.09564726 19362.26754565 13095.00778988 10155.11164520 12192.62348631 12649.42022152 13542.57643401 13574.63403642 9994.37959340 11192.51476069 9262.49911378 6743.80701232 9170.59922211 7184.12858747 6313.28003457 5932.30142499 8609.51684400 6732.64869207 5142.37747697 7351.40177901 5000.05704369 5596.38421320 6559.30272859 6229.90443105 4557.19777145 5918.94679567 5900.70603696 5901.48973533 4254.20847166 5683.35186745 3951.31412476 5019.98677227 3895.07851834 3570.62634525 2862.25908575 2817.27480454 3813.53903953 3783.25613501 3598.43049055 3201.78093785 3398.42190643 3129.68654233 3370.95946693 3051.21278042 2976.28635529 2564.38697141 2379.29464980 2395.55095287 2532.31213287 2221.51192873 2359.72839745 2286.74483477 2016.74349710 2015.77381141 2100.87357609 2124.75172065 1794.15405597 1627.68514339 1509.70828838 1631.72746115 1270.73474390 1219.95014751 1247.64132178 1352.02142223 1031.58705424 1097.45827921 1179.57020506 941.80182115 988.58747347 967.77395843 883.53532939 925.64710685 747.49742769 799.18271746 731.95821289 665.60763191 685.78028475 529.01530580 538.54594467 524.19402435 514.87520169 474.01090217 473.93008130 435.79030256 415.85885682 390.23665984 344.61371900 338.46737707 320.15635567 336.10805545 301.61147530 244.45487856 236.23765951 211.04469087 216.42795845 183.43625817 163.97912578 151.61529880 151.06285030 140.58619792 134.34389194 109.83681148 117.95043262 112.02981539 101.14429719 82.63361955 81.82091000 69.47534490 54.35620775 50.04896912 52.84475107 40.74915723 42.00111822 34.09826329 32.29941463 30.13008990 26.96540307 22.72384881 21.83644716
-1116983.63169374 398172.45031898 686366.73899494 -645390.39904690 18788213.11329660 421967.64591614 161827.56765143 -368407.87465770 173442.90480574 465849.05273487 327168.62193490 -188032.08465742 34618.54058857 680205.53430715 121487.87982967 328556.98336486 282533.87461795 204974.97532972 31617.00807211 415754.16224230 142325.84595790 128386.50027054 120215.53140407 244867.19894435 83608.63082452 140523.77765694 322151.54931519 180050.38848327 156040.30706315 107404.75778573 17950.86133264 121001.86099341 83781.34848127 117177.00468824 128141.02015819 35179.23269106 63319.70635748 90997.99169287 107557.02440904 73013.72929945 -4176.93653894 143945.04837653 62685.80663662 145563.29002776 46913.01277728 82232.53493876 191984.78202086 53250.39253681 92033.48600382 57944.40041846 124852.19562286 63731.02518181 74901.65697680 27165.13324587 29896.64426706 84616.72007843 80768.90545002 40146.75244902 42540.08345591 50066.16312393 30594.43214420 40118.89055564 39175.52406590 46080.74356781 34015.81570309 47130.19274503 31949.44866895 45867.61100995 39120.91186903 33736.19430122 27036.74056661 37081.50242473 32827.96918513 25241.97770150 38353.44078570 28853.81174203 26792.79409384 30054.54501416 31004.98879016 26179.81560015 20457.97198312 25246.71301470 31959.66949165 27582.49512568 22428.79265323 23586.60844109 25155.49704777 17409.62382477 18005.25119960 19567.73036443 18284.85484680 15212.62867118 15490.31896282 16704.89535806 14488.10009659 15157.94958799 18660.29988447 13429.18627526 13180.94939196 14673.75760320 11456.85813092 12966.61998405 11283.94698555 13008.73220007 11034.42198410 10202.72031782 10730.04045449 10240.10862826 9241.94716529 9701.73530988 8940.74834095 9044.17752827 8772.20860853 7955.60328339 8236.87407191 7535.69311254 7052.86129527 7851.37285103 7317.55955613 7057.63634820 6029.47016330 6212.02547824 5523.89860869 5629.92887377 5309.17536762 4998.21747334 4780.95849688 4853.52594951 4799.68779015 4333.83378754 4459.58916342 3810.45242058 4278.31263904 3952.21997217 3808.88246649 3587.50984951 3641.28281723 3363.52252528 3336.92540012 3066.53046385 2984.42910379 3054.57841203 2738.94185050 2496.18926405 2555.46332360 2424.13968853 2424.25926804 2161.75852402 2092.27353176 2029.77425349 2035.83069587 1979.20180507 1857.77472799 1743.72028892 1709.32166390 1560.66750258 1599.50360448 1470.68309046 1409.61272607 1340.04232364 1197.82552945 1235.26711437 1107.34015628 1101.16323160 1087.00394513 1018.64687691 962.62088393 891.57497095 817.80780936 798.28916023 761.08054267 754.91477932 680.29985225 637.10703187 625.52484301 571.93943829 519.53823369 514.49553531 488.68050569 451.52762941 431.32798649 410.83286524 379.54801402 352.76848705 335.71655582 304.47624220 288.03593409 265.43520406 246.47566043 227.03697653 207.31414545 206.61647866 184.07990315 172.90147182 153.29777545 137.27086296 123.23198318 117.21220290 110.48464719 97.93139970 91.76111433 82.80433094 75.26529536 69.08534370 63.44930603 59.04066514 55.72413963 47.28577915 44.91070147 39.35508374 36.52957618 33.02678160 28.22444516
1946688.51734814 1250244.51585584 -460849.29644198 1200685.88186722 421967.64591614 14326975.43868514 179167.98426009 -63948.42223008 230654.42980004 628173.95032825 486022.77519975 495560.76720759 35364.02722976 712344.58310162 373179.40277116 210615.22419099 -2831.45872014 307226.33389444 276130.01494345 345737.16628753 91769.68125803 -24998.03376568 172008.24182449 128660.07833353 176788.64281749 124882.95044211 -161717.41738301 42736.07723266 187992.00582613 175563.40077101 65571.07873630 103511.49693369 86415.54113067 109214.59132626 94824.97297457 117065.68151381 138180.68948454 185238.07181060 121162.22188934 115239.21121300 151603.05368408 89874.54536066 10608.47635161 36455.33546266 60865.48387531 94712.10535331 12609.19082813 27081.88655251 43354.93452379 56741.96192105 -36747.32377389 57753.18241135 51689.73324399 35866.48801372 57572.17331385 54860.11915070 26754.63426323 40640.16316998 56994.79863064 67066.24098725 53206.02859658 42295.00629796 47517.95259103 55237.12943791 55882.91762613 40216.33464508 43903.26679902 29110.91083916 51483.22405319 34379.92778682 39548.05163197 32141.06259762 31481.31544467 29126.96687846 24100.24584104 42312.63360307 29244.93202662 24764.09417552 26257.92125596 29553.73984649 23702.84256310 19606.20849082 22318.50954946 21654.58338317 18506.96523811 20147.90479440 14888.56991825 22441.01246393 20286.35331725 19943.57175623 16816.41006392 15269.04432074 19476.75397034 18065.86147569 15377.27547200 15283.82578412 15290.56497047 13670.58606902 14760.22367067 14715.69108546 12853.37065953 12290.80639666 13227.16002351 11823.40090757 11783.97268919 11105.67810767 9651.51895693 9292.90952276 9515.28044435 8820.22567264 10742.47940071 8915.40334984 7788.82409029 7964.57427218 7420.99380681 7670.83707529 7504.54194742 6887.18544680 7489.30440532 6323.66091712 6401.85919504 6133.82778789 5790.30255445 5838.42643056 5745.37549775 5281.18638990 4752.25733252 4912.43154937 4367.77139515 4209.28302441 4462.04879598 3807.39693091 3855.39965272 3594.19283067 3528.68838787 3487.39153790 3381.95679772 2968.98820816 3209.12086282 2823.65875300 2930.08408171 2669.16713411 2698.49588325 2443.23006083 2351.09278666 2230.11332567 2144.28360000 2256.82027346 2096.35893146 2010.60800636 2014.69729132 1844.17838461 1702.80785329 1721.68062567 1634.09920382 1570.15535823 1484.88153777 1464.62601209 1378.37326313 1279.68040402 1256.70384199 1186.02050422 1133.01658763 1053.51947963 1022.74419240 952.31566004 887.09620958 893.29822322 826.25783159 798.52779871 749.35571530 688.43367761 637.64612461 623.64750167 608.10600275 559.28575536 531.74988827 498.43506550 459.34239408 432.54488601 418.53981527 391.65359279 374.46955786 355.85212921 333.75550234 304.31254439 284.03680400 265.70399900 258.83971457 230.05915648 216.04891059 201.98387941 190.76448825 178.37704962 157.54498370 148.97153289 138.14512364 130.11857505 118.15993952 110.85994322 103.51915776 93.42934666 87.14310942 79.60264924 69.48313696 64.64076101 57.95411679 52.04423143 50.61620843 43.68275564 41.16374386 37.59155686 34.15169506
-768625.31972722 588884.90281253 -503878.07761582 -698376.16264648 161827.56765143 179167.98426009 19066533.06845177 262970.94467758 -225313.66538750 73352.91566071 273473.71820550 -171489.98289203 -82136.23766399 7690.16397079 -116694.54156956 174373.06740075 -132614.47590304 143067.59251365 224380.07459917 -127135.92022855 241308.33712669 36759.18236217 86162.59449286 87472.56769457 1337.95900923 11090.91948652 224065.75096328 36790.30207035 165939.95321876 93474.52218066 157509.61443900 31677.63835042 62734.80724582 78656.95127905 6279.62672792 89250.58011317 -153992.42355758 30349.39979558 20873.78717980 47374.61104269 141353.98573056 5329.90194894 20441.06050967 56934.38858467 38812.25568875 18065.28541281 -193370.70203751 39657.78465105 59791.38431323 49640.28203271 6390.67477571 14155.76125216 53513.30338060 20805.75310005 27070.76775881 22598.00492904 49691.80874105 24359.79686497 25883.30370339 43405.92560685 23018.89058242 19892.05105795 14090.32192032 42440.24261671 38601.94039499 31527.85123466 14186.34335629 3818.37570858 18201.80973309 12645.24394794 14445.59762085 13147.58324386 11423.11772865 14553.27604367 14814.29736728 -4267.37156545 18629.48731540 18149.20385726 12941.74463751 13386.65904793 12182.81188074 9831.88612729 18382.32861456 10323.09750590 7613.23372065 8003.48224972 9225.27390289 11584.51337976 6073.90175402 10386.90016376 5941.00475951 6886.98761973 4639.16496097 10193.56167985 6842.07490675 9122.50384156 8651.81424087 4371.22381473 5543.95011697 8365.05878230 5609.95523829 5362.53068099 5974.82553102 6415.74646821 3027.17722995 4449.14731852 4314.76402389 4300.47574392 5750.33338846 4503.22585335 4403.86551275 4572.72374005 3481.73811375 3373.52282715 3639.88156129 4093.16505844 2661.88451745 3095.22553043 3452.79762294 2990.14580473 2698.16475573 2889.34170825 2510.22778936 2419.12672664 2363.12124345 2046.72681771 2651.45324923 2243.55057226 2578.88586857 2106.40906965 2024.59266114 2217.46424362 1813.22249425 1825.06261271 2025.25808140 1684.52956250 1696.94428145 1516.70103053 1546.44434574 1480.59832496 1390.76962948 1444.44543414 1486.24651094 1263.11464362 1190.74367478 1218.94405401 1096.07368784 979.82752598 1070.81079917 1077.21536545 970.46689441 911.15636188 950.36621809 964.36678637 767.43298349 800.18287508 724.98350953 764.02856703 651.45601019 687.74974107 593.09259103 626.04712988 581.71843769 561.05540543 502.98842962 491.99503359 429.44102491 429.99705443 438.67673837 403.02439236 352.53868875 344.82460940 345.11636237 329.85486364 308.35782845 274.33625979 262.85767628 262.01721813 236.91773037 226.83829588 226.61896220 226.68557411 203.25003284 194.08300874 177.83959020 162.27724294 158.64945871 128.42111630 129.67727769 118.41100599 114.13681453 110.93724563 103.28713742 89.84310486 83.31319127 82.01896807 70.45401476 73.03405391 65.10451821 60.80506857 50.90566322 46.56850079 46.96666412 43.85345545 35.88964176 36.62635292 33.10209991 31.63165764 30.33062825 25.03559368 22.19194925 21.06339972 18.83902242
1477871.04633517 1124186.88728039 376276.68087885 -75767.36303538 -368407.87465770 -63948.42223008 262970.94467758 6236149.63783878 110405.91294855 -204462.56599235 188377.71621552 242008.33711037 40530.88180505 149738.60924817 105081.48636569 -3935.10125410 101256.72745164 122616.48160989 119124.23274821 -13262.16253486 -61597.84109643 78274.83574833 23306.46408950 84249.76778585 55330.00573141 -6050.37056464 58884.66336427 160712.12737223 21803.89306164 56534.21368683 97228.32911054 48098.46226772 39009.48948973 18029.40666307 8721.44280535 65955.89382768 91244.45050112 64369.19478300 72497.28459571 48799.94165314 133656.64495534 35265.03344440 64337.18599437 4332.49327820 81270.95757719 24725.44936908 58247.46191122 41329.73812028 18951.61138123 20734.04690355 36005.51603758 32971.90652269 25901.19278764 8610.99608511 23819.20045536 25565.68527070 48554.67971472 32951.32678168 5879.05830092 20870.27354647 25001.25183165 24428.53459610 15899.99073869 13628.81418119 21871.47964632 21030.96730910 33742.94151646 16133.13313962 21180.42572750 15233.03937290 14672.64034536 18264.54630133 14998.10001473 20423.26302489 14370.04923975 18823.44973117 14476.68812505 10274.81521947 10292.85084963 13345.80605153 11167.31059031 9941.29128982 15726.00326189 12777.53699773 9876.60000271 9724.56697991 9643.61248041 12921.24816886 12015.00555931 9715.28735007 9050.29458813 9698.23736229 7969.01897261 8281.84935108 8040.29646893 7319.67847215 8549.89725192 7728.17246624 7035.09835085 8294.94223149 6382.69688300 7337.69095072 6354.20785934 4944.15468239 5045.49102344 5419.54032458 5301.14953470 4896.09898667 5438.29079344 5218.13141166 4375.12142509 4707.45828841 4294.05530265 4142.61661529 4367.47072227 3470.76419369 3836.08186360 3489.88358619 3392.03228944 3517.52507184 2878.84505961 3044.21015192 3386.43316054 3234.37077370 2600.38020645 2679.55778475 2340.62633624 2570.20703166 2427.89308753 2275.02254309 2483.69205206 2219.81092861 1984.30131647 1957.90431691 1938.94758632 1781.35815825 1684.78936404 1644.65231300 1623.25563358 1580.31254875 1448.28309292 1294.09276479 1343.85721399 1279.35330113 1301.55204476 1284.35104238 1113.90142834 1104.18685849 1045.49195208 1069.77041196 1087.21835354 932.62122554 849.98720897 916.74862826 761.78914088 771.00017490 702.67034604 679.65838310 698.50519302 651.51840533 600.77336715 606.39582892 563.06158941 494.38027473 522.56265914 488.21095854 464.47095504 434.94583280 437.45008716 377.04270192 375.94190253 373.58211038 334.16930654 313.27392962 309.95393814 288.95562829 267.70373332 245.22107882 242.91313002 223.91397828 206.24274415 183.34505404 178.12252420 168.07825803 153.42842670 148.78141664 142.24806741 124.67201745 120.61209716 109.11327413 107.84003396 95.14309159 94.92852101 84.67254755 75.65546124 73.04263508 64.76947322 63.80501920 56.28957828 50.53119673 47.57598208 44.76972287 41.79165689 35.98441541 32.96323724 32.14610734 28.15613561 26.02285454 22.53094345 21.68185044 20.09801769 17.34526965 16.24972592
387431.67098571 1428973.21270961 265617.96013756 -168872.45330153 173442.90480574 230654.42980004 -225313.66538750 110405.91294855 6693669.07163122 14427.73326395 -117379.72471085 77110.11902251 -112920.29865628 -157371.47855015 103485.09258672 -23043.32037988 38810.48701929 3140.75153889 -20704.27258837 9671.26100647 -37273.37448311 -34310.62887356 18556.75669758 -11610.81079363 5529.70296786 66414.30447658 -172454.03517971 67800.89928604 23365.07068502 22500.74487095 103997.14272460 2774.55296814 23105.14165916 -32122.79391600 -95734.48646837 42882.31948778 17541.43682646 61424.82411573 -17345.73112515 3638.82089985 -4736.41786197 53444.56110439 28779.59857159 18472.22035222 72897.54205819 52110.81087326 103282.88931704 39546.64446389 38931.64400111 22504.39863340 27185.67942843 25217.88750466 26632.88843098 36955.60501907 43152.32229587 7500.23397426 20824.82140935 13285.40086717 39999.60070968 17932.12433538 17632.16446808 8390.75964516 22721.72136069 18011.20536957 18319.07323791 8371.98275140 12194.36942306 14461.73291370 14406.31515361 8430.99458154 8174.19298562 13599.40551693 10907.18714461 18122.82395831 14118.07394064 10372.91027494 7470.57564774 12764.24091072 8661.77793200 11801.15052011 10609.63644134 10803.85750122 12597.15170372 9536.56126607 10568.03046626 10993.97752771 6781.77531690 10933.22160756 6170.96536983 8949.55473818 7823.76894023 6736.31329358 6753.45492079 7202.60280605 6138.80642188 6436.98170045 6029.29302179 6243.95119319 4550.56686441 5333.93159536 5148.45361482 6002.34424507 4661.57001508 4549.59699370 4499.44863568 4263.17052286 4012.97681464 4608.29120001 3799.36940480 4084.83764364 3341.07358669 3881.20410915 2981.40441126 3207.79736598 3525.83842213 2607.87912449 3305.98145884 3037.13815657 2799.27073805 2666.43159474 2642.47021488 2584.91459886 2557.52560135 2289.11245553 2524.07758337 1979.34484827 2191.40520232 1790.70986665 1837.90453656 1786.02677703 1933.66523085 1707.68153917 1804.04899319 1589.20811577 1429.00889526 1406.27856245 1495.81535126 1332.44301979 1397.78795215 1206.19361470 1228.63499180 1085.48718925 1146.20340987 1090.62107089 1038.84836839 1002.65097717 934.73906062 928.77038624 918.53619660 859.67343822 806.28218385 781.06071641 749.41257534 703.79643813 660.38433293 670.22600527 671.18507613 564.04433375 556.23067085 547.81716020 517.33648331 537.42601777 502.85674226 427.93503438 450.92496964 418.47330350 399.83097510 376.37572533 366.51606663 347.90915221 333.86282734 309.26154842 288.03402517 273.43238468 260.18833437 253.76847846 229.62367871 226.23221896 208.06622224 196.79538933 192.87903116 176.98606370 169.73737507 148.22963260 147.50411397 134.40229953 118.41554980 117.73185287 109.82019950 97.14502889 94.14881478 88.25641742 79.00577949 73.06545723 74.72509723 63.47792090 61.67356410 54.99640435 52.98021009 50.08584284 45.98889546 41.81042788 38.62049532 35.32319550 33.24756130 31.58954803 29.97934954 26.48965539 24.25241743 21.70313445 20.21116598 17.09109412 16.02204987
448100.18663881 896501.06600217 523690.77402287 801676.10762521 465849.05273487 628173.95032825 73352.91566071 -204462.56599235 14427.73326395 4859878.98044284 289889.66344818 -101347.98755854 67039.83401785 33057.63369856 61112.31787006 100593.15216870 -1538.08387604 161456.15132302 71586.96547741 158938.55144081 45486.53395089 66763.73736311 110939.77096915 70486.01345118 42608.52144822 6111.20784319 15178.55149126 -14307.32637976 19473.10708290 67881.75371410 30923.88043228 5468.56640659 1894.84324335 -10077.58677220 -10316.72825712 30565.04448431 29448.48420107 53416.32191225 42260.49476683 55365.01621160 69101.08208669 54942.70217010 16278.00109758 34640.18626052 22831.34332791 22386.05961341 11402.79995663 34486.46235783 43683.12228423 52891.14841578 20554.72605294 17028.50264903 -315.93271409 24098.35251847 19673.60766975 18300.48126145 19688.39365789 17268.13341379 13967.19659530 29432.31469449 10189.80562699 18379.27013688 10713.19799810 16691.57589394 4101.07280215 16816.10168195 11552.96767269 19121.12056113 12739.67301033 7958.69085767 14217.82656499 16720.01486732 17738.29674992 9521.27171366 8495.84790157 15993.07043299 6401.00281271 9347.38796786 9323.34568914 9196.06181139 8000.39937568 8037.19937473 9361.45331034 9812.02158713 11274.09777145 7812.54111621 6907.05717147 7815.48293210 7215.95653355 8022.31494044 6232.88083428 5417.12143624 6187.65121954 7458.89958465 6722.06194683 6379.71699272 5632.45823903 5368.19629731 5251.04193504 5653.07226329 5565.53951749 5855.24378046 5653.51277819 5068.53930292 3856.98646784 3929.16186563 3941.82887505 3665.07811407 4410.56351362 3348.82638290 3951.03172728 3743.91107998 3541.18498889 3459.48957575 3738.14849176 3047.37849236 2758.37869195 2680.05669678 2530.58471562 2348.34328523 2351.94644244 2288.94561171 2411.61301945 2301.17414241 2340.54594143 1815.60326325 1979.54623866 1677.57512970 1865.60096832 1743.36256558 1697.35554967 1586.56940283 1577.68089115 1444.42421104 1387.28209990 1487.16966978 1415.27794594 1257.98667334 1167.16418515 1046.12565099 1062.17348860 1034.46802020 1009.72624949 968.03834902 951.82624341 833.94383144 886.24679418 908.39080220 767.67326664 779.73872741 749.41899649 662.71449443 697.26474184 682.68863804 542.23706284 550.89215328 546.15135750 508.23260567 510.79762174 500.57613337 470.86404526 463.43217820 436.00771153 412.71482991 415.44014163 365.59341427 367.08263788 331.90291601 301.00754922 306.19953767 270.78065678 257.62515572 233.82698576 230.16546268 219.37430830 209.48816289 198.43199245 183.59796243 167.98048882 154.23839770 140.78773777 140.22142369 128.63051250 114.20938908 110.34310478 103.41262178 91.07132255 84.65879085 75.44223228 77.33231625 71.60203046 69.49446169 60.11943067 56.84820212 46.75371328 45.95401589 43.68146146 38.48956759 33.33706200 34.19251010 30.34416043 27.64908647 25.36117775 24.48656024 21.93489113 19.69966713 19.23996446 17.07331937 15.80505902 12.34829848 11.53844884 9.86192418 8.86295741
-465114.85603195 789878.59784150 -184468.57548806 226835.36985622 327168.62193490 486022.77519975 273473.71820550 188377.71621552 -117379.72471085 289889.66344818 12726622.42762291 -279861.75898821 192276.04463836 321404.00758052 -76818.50081732 6477.79261591 37579.97179230 169570.94220028 15974.98600664 251668.86670739 -109313.68857051 141917.81355518 -92376.37387620 110307.18857884 36221.67924015 -14728.08629090 31029.29902100 -26171.66219281 29171.02587319 82101.62807367 27051.43324509 -20214.67612634 70264.17180280 26867.83553769 -93551.97113228 -73597.01835790 -18622.20829022 195406.28439258 10570.03458375 86900.89702849 76922.82673773 1878.52735799 -29399.89563522 -3467.59194283 98174.96984284 11523.23354849 -86035.90744236 -2240.62243376 23702.43527702 11292.62019392 1400.48342275 32409.75001474 21.04723934 58487.76514651 30344.64432903 20665.10153533 24721.36799735 9366.72096766 7365.59592187 19686.22290828 -2641.38119508 2861.52177961 15002.59645971 18818.75240089 10224.55293012 18392.91990010 16469.24222401 19031.37315105 7743.98081171 16240.35890873 14604.99701204 5930.95461086 11672.70705298 20993.67929556 10411.20365349 23630.26266794 9756.21658848 2220.46926704 8800.51452352 10143.93671897 17811.70395622 10412.68039191 12332.88379537 8774.56381585 1262.14495604 9274.37263054 9487.17989200 4163.51350011 7157.92684578 9265.72433428 5890.96142362 6254.78677750 7644.79048074 2874.69789904 7878.12043441 3914.25382672 7408.72082038 5219.05521332 5443.53764291 6417.63846139 5204.89301168 4262.46831580 5100.20148821 3832.82301646 4007.09820487 3540.77334053 2617.02790619 3321.21174176 3852.76295988 3483.97145259 3952.46836163 2762.08004665 3499.56206207 3136.72584637 3160.43685976 2753.96488611 3115.98177984 2287.69147550 2840.54175256 2846.09873809 2418.13773366 2597.31408557 2325.81233401 1740.24592894 1772.43329654 1643.09452712 2112.48857566 1681.34447896 1888.66721289 1525.71153362 1697.03801969 1566.63856072 1176.73252149 1667.44329888 1503.41023854 1464.88991830 1538.25012123 1270.63095113 1232.37065956 1028.92054187 1185.49084376 1067.64536326 1043.16654521 1033.20288954 1054.62564160 919.77898300 782.68799142 910.22878460 836.16730907 820.91667604 854.40828050 686.91450564 731.88303120 673.85825385 568.80815246 596.66504840 576.29687071 524.44377098 540.03176923 472.98404676 499.90383542 438.13450653 436.37965112 426.20436923 393.59590689 405.85732914 363.29865314 335.78975217 298.55322727 290.36963873 282.06256681 238.50260181 264.84196457 239.62655028 219.79831074 230.49787188 225.45682939 189.80970128 181.95691224 190.08571797 179.84665894 159.66364777 155.13600848 146.60398014 136.35369669 128.44621052 113.70499120 112.24208688 99.44884202 95.53763083 86.84698095 81.54470057 81.19079894 73.54936389 61.50823543 62.05465618 53.78729764 49.79757851 45.70218334 45.27086804 42.25558939 39.39866209 37.32011948 33.19474376 28.45992853 28.69949978 25.72474415 22.17745855 21.33227586 19.19173156 18.29351958 15.64050323 13.33654036
387272.60204474 243407.47988594 -190374.04835017 48781.54625543 -188032.08465742 495560.76720759 -171489.98289203 242008.33711037 77110.11902251 -101347.98755854 -279861.75898821 4459997.27173483 -28395.15509967 -208312.67559128 -123596.52115412 -5281.95006877 75031.57722594 149108.16435328 107685.67206963 57713.24084294 -37061.65727041 51738.44839584 25480.96982541 24737.36292361 27979.78682494 92102.40287287 18905.12736941 50526.03611904 28436.61506475 -13800.87131469 -13802.46192886 71376.29259793 35189.60748101 39860.62626259 -25674.97470218 18093.78627417 51359.84350006 99812.81504524 48463.66584613 7022.74515174 22812.19543424 22082.46949035 5086.39926406 7398.35772202 14601.11093626 4872.99102868 -73276.61600491 18127.42448913 6225.28234972 12636.59023243 41836.32792962 20406.56671299 13618.71987891 5604.94588243 9420.46560505 15536.58823481 32842.45016016 9425.31585469 12456.95816528 17615.30326124 13184.17623111 11373.69549317 7531.21680708 14000.89472447 17960.20340249 13619.15834543 6187.59843747 2812.49032438 7272.89685453 10530.90679005 10662.30891960 15467.47306131 4218.01335446 9593.99900949 8321.39349965 9608.22966325 10419.97603980 6154.36148335 6546.32083906 9035.17293516 9678.32034224 5224.21913149 2280.06935624 6991.78080307 6053.18668495 6537.61065910 4732.45200895 8532.43993182 5473.28760746 4015.40212087 4821.87819012 4777.70895771 4196.70189540 3609.42029632 6005.89759375 5400.77428718 4775.80007682 4117.59358567 4566.58036631 4286.81875832 4005.79686109 3848.89732803 3431.11699776 3393.14401502 3644.07062059 3765.65182903 2859.52942536 3120.64762684 3128.52782620 2742.83856639 2656.08854194 2855.88326702 2388.58178801 2129.03855713 2209.29356685 2234.48804905 2105.70213045 1725.17035910 1883.35460783 1947.14379592 2323.27267031 1876.55347528 1778.81017951 1664.04360578 1304.96497840 1657.51692531 1341.84009909 1437.74016575 1342.05264630 1417.10971668 1298.14024599 1190.50638270 1116.18874768 1112.25279813 1173.54964644 1043.29330831 1002.09888018 833.35915098 941.68485777 902.55070131 919.55726077 874.19876580 817.10026552 717.21874938 749.07337703 646.61706007 689.61310336 657.89987066 598.47782929 599.15501053 571.33934687 552.21301019 530.74314211 513.05726416 470.29331553 470.89579928 468.21484422 419.07738587 427.71385059 412.05566042 371.10852562 378.64524722 363.14815918 322.31615428 305.78674754 286.91399494 286.42671561 282.04536382 262.43517831 254.54447155 223.76888739 207.24388474 204.46973442 186.93649404 182.22419106 166.71221279 160.40748555 150.66491021 139.44330510 141.75081402 125.86300376 118.38638627 114.06734920 103.39043913 103.07138631 89.33092521 84.71120536 82.03197246 77.67684618 68.05472351 59.26605263 60.09841790 55.79928748 50.99541472 47.01817445 41.93573135 44.27475280 39.75018826 32.81883851 33.72277317 30.22986765 28.22373902 25.27774431 23.12110294 21.40550877 18.70426388 17.82143037 16.59405983 14.90963522 13.19602780 12.94324284 11.05697084 9.91291983
-222130.60650544 693621.13898686 419916.58915095 -667088.72041391 34618.54058857 35364.02722976 -82136.23766399 40530.88180505 -112920.29865628 67039.83401785 192276.04463836 -28395.15509967 1779975.15879162 -68148.79667173 27918.79474987 90686.48715789 105276.78095988 -35740.96031912 24329.21942062 13575.41892078 41220.76244837 26012.85392033 68100.72367603 14997.52078099 26080.01362546 -1837.87186226 -25812.45062365 26805.35978873 29003.35223104 41446.52818270 20642.12117075 31436.13418822 47760.46233200 19897.83197439 32264.64291549 26518.39986586 26243.76076217 61511.34649953 16566.59433431 20528.39631052 23244.47192820 13835.17394498 29093.85489384 21678.47268246 30340.32010631 1912.18648544 12506.67839058 10583.49574112 25157.73258425 18865.14188825 33416.24221399 14363.24705563 19951.88699675 8542.98653714 11456.07523233 11483.75983703 13231.38482969 11387.92950183 5204.56635685 10112.56764692 8424.20313037 8767.21130735 12023.95665208 8138.45857470 12803.08145556 10065.38215695 10254.56475736 8479.63770486 9958.82279866 5869.39714717 8284.50562040 7723.58312628 5641.49121492 5851.98254060 5330.17156506 7747.54691817 5503.35111166 4445.78192243 3459.42697235 5469.04793894 6494.15112356 7296.53175361 8317.20346006 4982.46718042 3013.81024631 3437.12004854 3722.94974987 5336.54125133 3140.65151042 4925.85112343 6018.92932109 4507.70583459 3804.62627165 5459.90759494 3689.55580577 2885.78480093 3138.61916849 3736.98507271 3803.18373430 2740.94534266 3045.21128385 3110.16184587 2570.30886434 3168.50362030 3121.77833433 2228.12012700 2309.91009335 1933.58226639 2282.53508283 2394.04010173 2315.72101484 1878.28934148 1756.90288912 1724.84196977 1757.03578654 1987.45947109 1691.00899721 1709.00396173 1533.92920227 1575.11631493 1368.86734404 1377.14428485 1431.37918473 1426.48706672 1274.89594589 1217.02412536 1229.36208786 1058.91109513 1062.83485157 1046.94648731 978.19609463 907.02851563 932.28194934 972.02252325 933.84666620 850.79477879 822.89815516 812.65352969 704.87710593 684.75614470 658.16943995 699.00515541 600.38827629 591.92101651 633.65180606 594.23948213 534.17576641 500.07421069 487.69796030 483.90331687 457.98660443 432.67251526 402.79556946 424.20397732 386.66548700 385.35653483 342.91970173 337.66830468 329.45822479 323.95103639 297.56714021 279.81244678 269.75886777 266.00585093 246.07384129 225.12498414 216.02221483 202.17647885 188.01994978 171.77427296 182.61641095 167.91163440 163.10900099 155.32632683 150.08881832 140.11182831 127.30935425 119.39719194 113.75317886 106.85492951 97.90621917 94.25404637 89.57052349 83.94885172 81.73071700 77.22282389 70.66745887 64.22314773 58.56905389 55.84117715 51.39093159 48.64561304 44.65807028 43.18162366 40.34026725 37.45886025 35.58126104 32.97143870 28.91791544 28.05531982 25.53613771 24.56209338 21.65895259 21.02958001 18.65362653 17.58872502 15.85078567 14.75958244 14.11259994 12.63742871 11.79748095 10.73570411 9.18723789
