213086621.25035191 1207092.77405645 545889.12615639 302985.04147486 -913862.51206279 1165725.34336235 -609655.04178020 686837.39903282 7322.52330568 50787.28177122 -428072.55471295 59962.00821985 -252960.58648761 -448931.49248123 -436412.51997998 286087.33874963 123418.97983465 1089323.18765168 399798.98738895 -289029.07746415 474915.12483261 432645.86904378 540729.39666691 441331.81459711 167616.62764981 180292.95323103 -104093.00098631 345264.70548495 214399.43543346 182064.21257688 67979.24658035 -12928.85242613 266043.25700468 -26618.31268994 321534.84578084 279315.57631493 -40890.85260803 419858.05430130 338043.73654987 299245.76679749 275689.94091868 164105.27151192 209700.79592444 235747.25590437 35558.97161542 126756.08588952 593006.80234271 211522.48683360 114134.71509863 91683.54709320 108813.65199455 84554.96218879 216327.50698637 60608.21295542 123122.57832237 134735.33248383 124951.24946103 124418.05025769 68666.87592029 86928.70469665 89903.18571105 72072.75109118 107194.63453461 66929.99014510 74827.77177661 103491.02895356 124102.41743895 66844.60300455 73411.32324683 54978.11845494 82503.15985097 52567.87744376 103238.40489340 76384.57309557 59260.00462746 68891.96680364 54629.30226225 58052.92415149 64880.93725304 51285.65049610 62592.85062355 53392.48175462 46695.01710359 59455.50719493 43441.47616110 38101.82685072 43805.69269037 45715.00129367 39269.79816313 37380.60731508 28300.25040176 44697.81007338 33180.58320779 35741.67282117 35279.46475291 34475.80489961 25514.50022336 33423.63823705 31696.23602270 30397.64463242 25730.54793607 20206.88788632 21283.22031507 23410.97904170 21164.88006454 22509.20466520 23702.61749206 16775.12909210 20215.99608909 18572.92923644 16676.89422575 17164.76472223 16626.90687020 17363.81269026 17320.00841608 15096.79149480 14651.99747889 14266.61796406 14743.29565318 14584.60992704 13735.94077136 11654.22241660 13379.17583459 12295.32589261 10502.31490224 10841.89304505 10009.48535000 10166.76730877 10217.97969023 9345.96786615 9043.17400438 8227.51123097 8520.61160440 8062.04343940 8667.89725046 7003.23944633 6858.26178274 7148.53576522 6838.06176551 6207.88504256 5916.36677313 6115.35391967 6273.21391635 5320.44336713 5533.25741175 5293.95886092 4818.13950342 4616.39348968 4329.90364756 4144.85864307 4148.17749088 4028.49247013 3753.93364256 3877.10772600 3546.73900412 3314.10696736 3141.66161782 3129.01946858 2958.85226153 2742.19810413 2733.64658804 2446.27214941 2315.48141788 2270.22539512 2252.26972552 2052.70194232 2035.76888695 1896.04194256 1871.14131886 1690.99481316 1609.21277554 1535.09237370 1425.26530951 1339.74522908 1301.89738539 1182.69878249 1107.19487083 1070.41365839 1010.21468549 947.82191891 876.88365425 812.33097523 781.09236029 707.82139960 638.19209653 628.66807334 575.81876422 538.32017004 483.38676728 446.71137521 396.00996794 375.57381634 342.54643809 295.88661261 285.65383873 254.28559055 218.63790716 197.31777275 172.59814339 160.18630611 136.69331759 118.04232458 97.77358000 77.72377671 73.78093438 53.26997948 42.65663542 27.30979468 23.50686034 9.63104415 4.07805516 -6.13242206 -12.58186246
1207092.77405645 48371385.02985622 -843470.77817452 889488.46161010 155825.86867537 731321.85108943 236720.40261160 662851.17113291 842135.11205225 451635.42219236 354303.86263783 49798.26171716 318451.63255644 137357.41598762 216824.60910568 -54503.55311529 188344.91184155 472889.58307269 170652.49244589 45672.44963618 385127.32326049 42578.31168126 122970.12242873 77848.05577345 83868.86200181 141614.58518748 -174823.32768782 186258.47050410 -17120.07797463 103793.69558713 72116.15131750 64782.22018569 29149.11913652 -25740.46230437 200147.61457156 104642.42064936 135896.84731628 160516.31219599 71368.97592526 51868.68181257 127004.80982876 31622.11890273 68082.09844355 48868.74884650 125654.63320147 72264.48540069 21340.39490802 49881.64789267 107627.41908734 57517.08301676 149186.39282638 77482.71816903 107101.85511742 76187.28529805 53306.06785284 52956.46648437 72457.23416310 59474.05404740 68737.08031652 63617.49666358 55169.98948199 62488.98281141 46531.46448472 65037.48721163 52670.50717209 38821.67097126 56798.67297241 49758.38695822 31960.12454184 35884.87013232 42524.18818757 34366.35729480 44425.95911898 40569.60083117 33855.64398921 50695.10160671 25852.86922445 25862.69956434 37752.32372049 22428.53558439 26301.86005513 27809.69433706 28747.82593739 26811.40302405 22943.81606308 28705.90036040 21567.15436556 22737.27438186 14565.80730175 20823.61362349 18581.73450731 15662.28869304 13995.58748114 14143.42820182 15595.56141503 16479.45320181 15879.78529658 14485.89963257 13397.60007141 14015.66916669 13036.50326873 12651.55716757 13284.21132791 12438.74881989 13421.56072792 9745.78258423 11401.09248386 11459.35374255 7772.43581624 9007.82320611 9182.51082188 8612.48452455 8386.63901343 8555.05232824 8922.73008460 6687.65638058 7189.65170169 7341.05306373 7158.90971333 6782.55902836 6592.31124226 5961.61465845 6552.25313481 5375.66786515 5055.64706149 5421.10971949 5042.66990807 5081.71252917 4610.48363720 4747.50926544 4580.25036478 4316.92765739 4446.74702672 3848.28562326 3805.47040031 3708.29000625 3764.68936463 3086.04449885 3407.21635405 3053.46606828 3166.92168094 2797.18904551 2724.31196878 2747.25573895 2468.43385048 2509.96896408 2521.07047012 2328.91431859 2214.68532839 2177.82145647 2130.89683612 1978.30361344 1865.19726409 1822.77527771 1679.05476742 1735.62764448 1585.41875066 1536.09641380 1422.25416586 1399.13539363 1418.88274917 1309.72005772 1240.32612517 1212.56368049 1171.55578232 1091.26734748 1055.11749908 990.82647775 952.86329015 937.93654742 856.86984470 832.46186402 817.99896979 771.63661435 692.46254903 662.19321185 623.04524671 599.52352300 571.63759919 530.14069217 505.51615161 481.67954325 458.16184678 430.86648439 400.75875733 379.96974440 346.99210073 321.55123801 320.88922472 298.19185578 268.22341430 256.62096555 238.74106836 218.98387958 215.06439664 188.98063498 179.77894764 160.61685429 146.56649933 130.48240881 124.84991120 111.39346426 102.25145627 99.44917981 87.32676909 83.35876925 73.14934054 66.77935202 61.12094491 54.82446000 48.02806429 42.68982845 39.55775899
545889.12615639 -843470.77817452 50122607.78441801 -1919546.21200760 401937.34871884 -453342.96397193 -407323.96007554 204606.10832939 31729.36297197 259434.00322250 -166165.65812671 -190886.41140417 204562.43711257 -231229.91621009 446764.11301835 -16793.44320466 -333222.53375414 21612.84871514 102140.43612238 212425.31488532 217546.74079234 202548.99245461 264992.47201682 -65615.80175061 12234.71141608 72327.44138529 -63261.53776336 71194.63454536 153958.08796771 -50184.17815766 93589.62465771 65056.96377958 71915.13509744 -29762.47006287 157114.93228234 67289.99836791 27424.12560857 138969.77832827 6129.14406450 49522.09325308 83784.57280928 40224.31560086 21592.52494164 4963.20463720 62441.84803501 37390.76443387 -128500.22598295 39427.97962428 25583.72807324 12833.59870589 116727.30284108 55609.21498803 55497.45432943 -34968.10294508 -9813.83079313 27962.01456661 41542.43799033 29111.25280685 30992.65644314 13066.91645660 26186.25069230 19705.67690413 36790.67479825 36652.86392479 43917.21309971 27088.33601512 17785.79799055 18659.77411915 10816.82508606 7867.41294724 23747.81476284 24266.92654779 17223.95542927 333.86634422 24508.57586275 13887.06199973 21965.11196049 16922.64778772 10268.10712308 16403.82397802 20143.05220612 16447.99690379 10768.36812753 22412.00802280 15037.15602658 17468.24951054 12194.25563056 15284.43129551 10540.84002105 14817.84340996 16690.51541448 10738.27248993 10224.56748878 13025.93537607 9264.23122395 13243.08005073 8215.63859397 10519.69626766 10562.06464675 8138.52160527 8050.50353755 7707.42964357 7325.68846060 7917.66360545 6143.64667793 6076.52243924 7893.46491506 5612.22816516 6574.43092695 7438.62255160 4842.63932221 4691.05580953 4717.54125391 4618.80287222 6503.58286728 3475.09758957 4385.81297082 4608.81819467 4679.01244157 4183.37831185 3968.51091437 3600.92401216 3705.02570746 2517.19642495 3670.78905646 3487.14299897 3185.82060736 2865.55387861 3058.55147894 3109.29243830 2882.42620783 2879.62937319 2605.26685617 2384.97934826 2175.68574260 2263.64728963 2394.36538334 1878.97857377 1873.71692888 1900.21834006 1708.60523504 1714.11970032 1793.22943362 1717.63785459 1592.47367510 1503.62774285 1494.38383453 1326.16383187 1398.56544859 1266.88768154 1198.94691008 1244.73587178 1199.62227728 1109.69969220 1168.84973134 1121.31202204 1025.02522527 942.32766049 905.74210610 890.27419663 828.49130203 766.45492047 808.97607526 724.05053203 730.46342755 648.92136806 668.72973765 649.47820597 588.20964301 567.71227311 558.54942486 521.42726648 527.45846310 532.08960191 475.33425310 448.09318454 422.97288749 392.66206777 393.97205541 371.47702300 368.76894609 327.65577184 318.54597768 306.65546388 280.83248436 266.01724174 243.33167311 233.17846763 225.54808796 212.81044511 196.55343887 185.05966561 178.26163718 166.47604145 150.80984673 142.92075078 131.70198541 118.50226017 118.06579727 109.89660384 99.95153148 91.59073288 88.31408949 79.13947205 78.43348660 70.02016382 64.42698517 61.42122513 54.26942570 51.63985091 47.37547235 41.61747912 39.89472505
302985.04147486 889488.46161010 -1919546.21200760 56069985.83681779 -469383.38517386 770516.11623501 -506824.47922213 -131835.64170149 -57906.78961335 495034.19005919 76418.21400152 -32149.35064475 -462405.35596079 515507.33189651 234519.03110739 274180.94506577 174889.74913874 58883.98589067 52026.75313476 169079.41853352 98185.24408855 -123434.43844964 119668.43544939 -30791.56366892 86433.50306720 119201.51219446 -53907.92133713 152471.23047835 66019.42210354 100503.40890633 171244.41507252 126572.59938425 103952.44500705 -40526.16358534 -6308.44591814 55749.06237475 144109.27663983 231635.28074474 31547.09490625 -49269.36869592 14365.62233577 92023.12749219 59516.90274865 -3512.04183864 59973.93691642 -26729.47664871 -31256.33262129 40513.85881981 56763.71738009 48968.98771032 18664.58038025 32915.33817372 5791.93217479 59605.53989211 38440.24892022 12055.82405805 20723.83645490 26351.32696663 18789.19508700 50749.96594195 25477.41346088 7486.33149727 8525.95642512 28308.11185969 -9773.84679024 27485.66154093 12427.45769461 33029.78276955 15228.29055938 17901.89315428 -9116.43082639 19759.76909519 21062.41401175 10070.86548307 16934.68407387 -891.34339367 10509.48543517 6532.04207703 10726.78628089 8842.25731940 15752.20798425 2823.82329833 14814.86536707 14265.70197390 5304.95532893 9320.46287106 8294.73173782 5210.49899109 8812.47616506 9851.19714533 4745.95126967 6543.78360983 1962.75287591 7789.35124198 3625.54829414 8299.52497517 4744.20023831 3767.50952902 3702.26285697 3306.74442930 5536.09833165 6419.46664814 4024.06906903 4945.40528883 4193.08570823 1932.19268959 3529.81408339 2505.68046630 2308.44275992 2490.73594245 3690.15695754 2696.15361970 1601.05381961 3544.33961879 1589.08176093 1875.09465740 2395.07595969 2200.16114566 2191.53271950 2466.54093660 2325.03625561 1863.05259945 1080.81568676 1989.14357884 1577.04848388 1968.53844707 1513.91076151 1396.82124690 1131.23154310 1095.04071244 1630.11324380 1723.30749263 1506.09716703 1142.17999271 1607.24534979 1300.82172910 1051.80832995 1098.86459361 1214.92598975 1013.43827507 855.99564842 790.26873586 962.35197144 769.17571978 878.09608422 861.74058894 729.27519811 755.08527700 733.46944029 646.63456761 734.46663374 576.79464242 596.24973785 585.28887828 409.89969052 613.36464950 524.79808008 585.08403586 464.36845406 411.03550588 531.05552162 425.11561865 367.05804436 427.98892196 375.08838819 374.86249574 351.90693626 344.38386476 332.62018090 297.97548874 289.66167868 260.86030897 257.27999094 302.85198108 278.10368941 250.57168618 240.13490193 223.89533412 201.63158402 206.07344340 199.80266436 182.46865937 167.49032742 166.15917245 153.95766329 143.58605877 117.66418670 121.94402445 129.70012779 109.91413720 115.30909132 102.33447588 88.66285173 87.11801201 78.10412707 72.28014608 70.16471427 73.51884195 62.45174842 59.60906249 58.00723102 50.85329849 44.83569672 46.47847749 39.20238284 36.38960548 33.15738172 32.33821232 31.59247185 27.35668818 22.64720214 21.51458326 19.35497628
-913862.51206279 155825.86867537 401937.34871884 -469383.38517386 12341112.99318646 231525.16253063 2891.77647707 -262941.15450114 26579.95049093 258724.45168546 194988.10304561 -175988.94376712 925.67444691 454798.42294771 53625.30576320 179153.27616194 147146.10422430 100816.05370767 -24312.47164878 223023.20742879 81026.98817905 35875.90561179 45067.99291718 120020.99908128 26879.96805399 47278.76167909 176634.51305944 103179.24117978 70054.54290206 47732.48950558 -11336.56354882 50980.54145451 34686.93675677 64330.85860601 64960.98594701 3068.40105225 23149.98950067 33620.74733332 52048.51861933 28072.77832562 -20369.26699571 72862.89796835 25173.16183005 81815.10089687 12309.41948564 41924.82487888 75174.66452511 15198.77870078 56029.80832992 25122.10862760 49819.20567331 26089.43498756 34938.35260565 7543.75009368 9900.29016835 41331.74207061 38752.16051472 10077.25933019 13135.97199673 19960.65784986 11676.61066818 12862.12200808 12451.36413407 23055.70769486 13738.88121332 18819.33856831 10405.51253580 15038.06793324 17003.63268379 14045.62119659 10822.76524241 16743.78392072 11655.96142097 9599.60218835 15428.98165621 12182.33634146 10556.89221359 11331.20431904 13639.81739382 10329.89783646 7830.20619379 8637.39873519 13079.68808874 11188.57259463 8948.38557364 9649.71853315 9915.86458617 5658.30796277 7743.65998035 7909.84170479 6320.65758608 6157.49092080 6492.04306579 6049.45192526 5656.71738960 5682.87532152 6708.21070677 4637.77896114 4850.73397838 5762.06122617 4540.65936405 4949.45926489 4280.78023078 5306.08318620 4462.35532672 4534.12730868 4233.45191565 3699.39430591 3397.14958521 3952.81332832 3493.92404619 3792.66355771 3225.75524823 2720.89532808 2979.31945979 2626.09664434 2319.54125938 2763.13088789 2619.79397149 2555.52788972 2067.23231185 2378.52092404 2104.32824061 2252.27899311 1827.66776650 1820.94281328 1766.02280363 1882.33484700 1681.71429116 1637.33075476 1610.91078877 1645.89365676 1612.43132195 1457.64444737 1514.05596188 1438.09024759 1258.48922128 1211.06976037 1274.24734904 1087.27321442 1133.03191672 1138.98700847 949.00250651 1005.53921770 875.02007222 914.83273511 983.42431860 782.29479440 790.94235394 750.96137360 729.90873342 702.29127744 654.38946728 656.15129130 671.07441443 606.59319417 561.96274783 544.24248797 488.36352457 494.70290323 497.36362389 477.41598912 423.74107588 441.59134807 431.67049609 385.65347668 387.68666686 336.22181004 317.13681652 329.54565020 318.38589689 295.68865808 281.27850720 255.88888798 258.09072073 238.20383541 224.68735863 218.30938324 209.18577191 202.99213367 194.70871764 181.30147323 174.66577075 162.24742562 153.92412463 147.17209020 133.88241437 129.63484610 118.31573329 112.75749709 108.05690222 101.70465744 99.10652890 91.80260186 83.61588905 76.15222970 70.00174668 66.06237061 61.96464049 56.54473813 51.89018618 49.51113023 45.54296636 41.95311113 40.21845321 34.08056655 31.01449314 28.05714146 27.52837997 24.58382864 23.55891485 20.11457425 17.75262901
1165725.34336235 731321.85108943 -453342.96397193 770516.11623501 231525.16253063 9454272.62615952 78458.85106568 -83809.51603985 106577.76291560 374050.29750754 310033.92484293 292896.89754387 -18518.17376235 444750.91584185 210198.85340499 99618.30878704 -30111.64646644 157055.13555270 155340.65480715 156977.30783508 31773.72160102 -31175.53870728 88897.54708536 53284.42941989 89919.80207078 56848.28736086 -103769.90148159 -685.31339157 100661.92879439 105245.06986709 29785.53342580 39778.94793484 39769.51007542 53186.51445283 43901.92615566 64772.02676947 77845.03870974 79332.62370758 60564.77481384 54056.74634078 75049.39433550 39500.53746648 -7338.71998971 6796.67221102 18270.14169657 48102.95909448 -20125.76941326 5393.79354642 15382.11977608 19775.74100833 -32072.24117170 24264.74931789 20643.63140851 10638.44173842 29001.66451427 18980.21030459 13911.54976438 14786.98190534 28983.29986982 31044.61700933 26640.63619103 20923.43745793 18939.11789621 28547.79463869 23573.10295415 16520.29543581 18150.67851937 12660.85137447 24609.61702308 13855.65427785 16584.16785187 13538.25326396 12300.46952721 12847.93829597 10066.17723203 19750.76782536 12523.25512376 10329.64464835 10708.32786975 12908.69746200 10868.20907175 9167.77096602 11508.35981220 9375.98634027 7238.02056119 7910.16251792 5269.02279778 9831.64445146 9889.14162378 8649.12887266 6779.38769451 5756.48498358 8811.41529946 7687.91174191 6759.37207668 6715.27888446 6009.29808284 5863.59787186 6238.43657284 5558.46689505 4802.31481114 4965.42456569 4983.70277937 4691.27814182 5103.38613371 4521.91947550 3689.87625026 3486.50948746 3457.08328456 3345.84371972 3986.97530652 3652.80962264 3333.93511463 3157.01461518 2799.37974927 3076.43932067 2971.31935207 2534.65124378 2818.49359478 2347.74928765 2512.76116784 2140.88836097 2096.48404693 2245.19928151 2259.73980619 1985.81544344 1823.70693971 1826.50209386 1725.85479564 1585.21503652 1562.17924344 1529.97693930 1604.26974325 1351.45394198 1398.89422333 1340.73246720 1152.86914955 1265.87330178 1275.49961350 1113.32854326 1133.07258247 1105.45638494 1083.52115436 1017.64818832 1029.35571895 951.38944098 913.84272248 946.73164494 906.61828995 818.28277634 805.81003430 774.83419895 766.23974065 731.83450053 703.15945598 653.24357172 603.23316371 644.47550417 555.03717956 558.57790287 579.15494680 538.90032816 485.35020691 485.01334639 450.37533580 445.85375195 408.54918153 391.04991638 403.47225472 378.60942445 356.49361411 337.93641308 329.05039578 298.36212153 297.40219463 288.27437876 267.68218056 258.22341255 230.65274896 224.34195736 219.74484838 208.07348964 196.56194902 182.79333496 177.01497802 162.46919491 154.82140679 147.21475842 140.31836482 125.52863058 117.49053966 113.56526127 105.42406136 98.92610797 92.79753099 86.67651738 82.22836212 79.38008090 73.10634594 64.85327036 62.63371562 57.93413577 52.55691056 49.43277330 45.58545871 43.24370460 39.34382183 34.44975501 32.43991435 29.73668580 27.61292101 25.45023410 22.97866822
-609655.04178020 236720.40261160 -407323.96007554 -506824.47922213 2891.77647707 78458.85106568 12576068.14212498 185356.84984557 -171124.98549892 60213.11498560 136976.12394787 -156485.80796620 -78405.00503450 -13853.78973756 -94441.28614753 87164.30429040 -131778.23713943 63360.96140988 140982.39129460 -101920.03181337 129253.86529298 11069.54338414 34604.50334013 44928.03784942 146.74795922 -4604.01910060 95276.20593087 29004.36016815 82156.29471969 39919.70042934 96675.99717085 14894.53835345 29410.31056591 32699.81679542 -14208.39477194 55311.23842166 -104199.01849750 -4840.33724322 1860.13284825 12614.77719159 81036.36730125 -3574.71929340 10598.92043265 28240.05086081 18045.25766607 7281.34125426 -115608.84683049 20111.10589036 25413.31045800 31332.98181457 -10388.30290655 -1922.90044321 23656.84492090 6403.96479069 12343.18940804 8781.92764071 28092.63004000 10731.55588743 10048.47548790 15302.25846812 11508.36665379 7350.65787365 3582.92246870 20042.15779450 21644.89907559 13133.41982096 6352.82327112 -1355.06258381 9843.42716339 4193.57008322 4381.14162781 3653.77964876 3877.05956230 7363.11619793 5929.17836473 -3227.47141876 6950.90992222 8602.75673080 3913.30603556 5200.40358440 3691.16479372 5098.09496800 9308.30077232 3732.65357568 2642.23937999 3394.12102823 3336.73787373 3697.29878088 881.88048728 2918.22178586 1963.08683068 2474.78239161 1424.68624938 4800.40951856 2001.50730726 3992.87711837 3283.91987301 1496.44112048 1640.79852921 3870.86869233 2261.17236230 2364.19497152 2035.70124515 2895.19660775 757.07873263 1391.25114990 1807.75341486 1870.26687178 1960.96942700 1686.17405847 1888.00152445 1927.58168500 1547.86207921 1246.66471481 1498.62431157 1856.60349669 932.06488972 1018.19301861 1404.81513306 1075.07760948 1241.63353761 994.64486588 1095.70986850 944.09211432 996.78858574 722.57175650 1067.49885255 752.20376149 1118.91816204 899.94901314 813.52751779 784.29430002 703.05090483 789.19219823 642.85669923 659.94903640 616.00556339 524.43136247 574.54745853 565.29717779 646.08425506 562.92358342 586.52230527 461.88593431 487.40250208 478.16787209 392.11957497 401.31843517 446.51366679 408.53306384 406.68271490 354.66436130 392.15359546 354.55922329 289.35542660 306.02322027 283.38936243 287.42665467 248.06671417 274.16767128 220.71546175 250.16822126 230.19342065 225.58920899 211.25772531 201.49063221 195.45072628 178.52473082 163.72803782 177.42801815 153.64269151 156.41125799 150.71996868 142.39818134 134.37468174 127.22595645 110.96595314 112.98090955 114.06700153 108.67466096 101.27213017 86.81820061 80.48076008 73.93300853 74.65692709 67.01614976 68.50222986 64.21997480 56.37294587 53.03773658 51.57161018 49.80108214 45.01737675 44.58302777 39.39905321 39.13023664 34.44749473 35.11016641 32.36012699 30.52779742 28.15665337 26.85053261 24.21245007 23.09221100 20.88233598 19.79540713 17.50274907 16.79931376 15.67510123 14.66641334 12.34081534 12.12176335 10.55465854
686837.39903282 662851.17113291 204606.10832939 -131835.64170149 -262941.15450114 -83809.51603985 185356.84984557 4088528.40229994 62509.88062204 -140212.85200874 105690.07427408 160023.69717391 -2413.56483548 50611.91725557 48437.47057657 -23886.54665646 46449.36771547 56409.74009031 58990.72618043 -21196.32726253 -50423.79457882 38988.07898221 5440.38565778 51648.85890181 21123.01140231 -18189.21597439 13636.06532168 88255.07724667 1818.42007044 19193.40867880 48172.94139827 25920.29017447 15003.19592893 3586.79367264 -1926.77432547 35771.91371001 44321.37540507 30338.43347905 34291.85781482 19453.24621292 85770.60907738 15859.46321920 34339.23015800 -2780.10508214 46234.97366729 8635.51543587 28390.81649472 19015.48094127 8267.07631715 5943.56538444 21634.05238237 15755.52604164 10179.36216944 3.48492274 8771.48132268 10114.58830619 20360.21471381 14966.86401700 -325.32365422 6234.49465065 11157.43445071 8704.89898342 4596.78332522 5216.19523877 10364.95077873 8145.00374110 15359.05268339 6283.61535090 8471.52397508 7117.31934378 3958.19688594 6471.81838080 6204.07583486 8377.95554003 4943.52768803 8030.61564716 5517.87853759 3526.13226160 3434.98406401 4464.73334887 5237.04986429 4482.89224900 6985.04494516 5598.21863918 4243.80471506 4248.19896415 3589.86247597 4832.01242482 5409.19757557 3779.78877858 2762.92614784 3691.40763776 3158.84730036 3504.50621718 2538.67807872 2736.80788910 3121.73352699 3165.00004277 2689.97422910 3208.97960601 2237.86753678 2514.15681839 2380.71470570 1680.55985544 1676.60248628 1988.87753340 2067.62639028 1552.45895198 2080.26564723 1793.11188099 1534.74090501 1680.07602851 1537.86277825 1530.68154971 1635.60368555 1316.35504874 1506.62314893 1296.35009265 1222.02264257 1258.73167656 1051.77853292 1183.74124391 1198.05247575 1115.47487037 912.23816356 898.92123781 880.40763203 984.06789888 860.31761615 809.58919514 856.20083318 819.85821638 707.10447518 687.65413856 677.86058445 657.96378462 571.44549064 617.62539785 584.56444427 579.05658130 491.80055027 543.34677600 464.79337074 498.99351324 460.11474682 488.83805454 425.04626324 416.37739841 406.51849830 385.59535561 390.75303951 329.17000118 325.84969277 336.98574798 279.01638266 293.60525083 278.78655206 282.15034117 272.29714763 248.99097738 263.08134785 253.68593921 244.25194489 210.40889488 219.97836227 195.17984665 194.01441628 188.87881558 176.31247950 165.56511688 162.44543900 150.16518898 143.84694533 141.58510877 133.03533913 127.87479910 118.42875930 116.96192521 101.15418296 101.61594416 97.02935230 90.02016244 84.11117214 80.96877889 77.16915081 70.98172269 67.91247393 62.01798530 59.73185593 57.25675689 51.77399870 51.56074874 46.07978936 45.41502716 42.79657974 37.29513383 35.65633177 33.40427449 29.69956111 30.39491887 27.01685867 25.00257876 23.36799294 21.79622962 18.97394910 18.19575216 17.30678740 15.02425899 14.28419492 12.93089070 11.58099475 10.22678005 8.98109286
7322.52330568 842135.11205225 31729.36297197 -57906.78961335 26579.95049093 106577.76291560 -171124.98549892 62509.88062204 4345275.52761247 -3934.27477941 -73363.56664042 28485.25296637 -71816.27727352 -116647.11343142 37798.76083008 -24266.63791713 18540.12017495 -7726.45568299 -22661.09709999 4830.15277716 -31147.91741789 -31644.89616058 -1619.27305940 -19039.01635766 1454.57078146 24646.40679781 -107181.88432711 25357.24110497 9686.86675465 10727.20331604 55203.25536117 -1707.54289026 8923.17747939 -23207.09062469 -59234.27319823 17885.80274275 5571.69540009 25774.82035601 -12759.17255035 -2879.91136969 -3330.04289605 26475.23825533 14697.36364651 6841.53982029 38816.37723417 25920.55583531 54261.55375130 18767.02832677 22772.42034799 7710.62436709 10123.79431151 11571.39681833 10094.88417301 17522.75736391 21055.78920104 86.95093851 10039.13346705 4723.42915729 17376.05759174 5784.53116055 9571.00452758 1475.50515692 8646.69156579 7362.19581603 7465.26306542 1527.79934147 4950.74952921 3733.80418496 6687.55621420 3824.56244883 2692.06984866 4580.29227769 3148.55131817 7773.67958801 5611.87632220 4632.44796277 2715.10415392 5234.76300697 3340.40692827 5778.83879375 5340.53372311 4337.57883623 5842.23380100 3701.49490321 4901.46814210 4527.47943638 2798.80294571 4863.98823983 2210.47410821 3274.92984721 2709.49260507 2515.40577191 2857.54474740 2727.83763004 2668.14584792 2636.76769389 2074.10770992 2372.51088906 1643.07155235 1808.05167010 1690.44751499 1757.35927189 1952.33975550 1863.90572412 2120.50210537 1673.99414994 1097.42356867 1695.08563271 1460.43710729 1707.65339714 1155.27004155 1424.92650824 1218.99460282 1388.69815974 1281.82242330 893.21369071 1420.24920528 1160.37197738 1091.68865273 877.39909217 897.57176821 1010.33074712 982.66707412 938.42576948 904.72445532 776.10761978 834.48287410 690.47548300 706.81963782 640.76472102 780.84656029 745.41754839 727.47862676 580.42159337 560.11612145 497.40264414 604.78304218 566.60627809 550.08648782 481.33705272 547.72325971 477.21261053 454.28709705 419.12401769 416.51309366 393.97310813 424.73772744 357.41996027 371.23593578 366.71641584 304.05155991 320.55468125 281.94612259 292.80617786 294.24322046 265.83941506 256.98517240 258.28326853 222.06065708 238.01796738 210.64394969 214.87565766 195.63207678 184.73479666 183.11615419 165.91341510 168.11150150 152.70424468 138.61448201 140.71589682 125.30649176 125.30415301 127.39770481 112.64323732 107.51160697 104.06067340 95.48588510 92.87108183 82.41896645 81.52397559 82.48577144 74.26859549 72.37548898 67.95735238 65.85994663 59.04839638 57.92700717 53.09537941 48.12969609 45.91214399 44.24082119 42.80875622 42.91412326 39.75220430 36.75925432 32.89288430 32.11502493 28.19509720 26.66845086 25.23468656 23.65861855 21.16809361 20.40994434 18.83472895 17.77540414 16.69930408 14.70387283 13.57044780 12.32963532 11.62243512 10.11766620 9.49362469 9.00412718
50787.28177122 451635.42219236 259434.00322250 495034.19005919 258724.45168546 374050.29750754 60213.11498560 -140212.85200874 -3934.27477941 3119609.40859265 182357.27969667 -88080.52875669 27320.38381685 26129.62694735 19502.34587352 46255.78948334 -25079.12086055 95013.32140947 29328.26298428 86700.75101882 14236.78879999 32611.97746168 55046.06769908 29184.30450542 22383.69662013 -14221.95342630 2798.62136061 -22205.00497012 -244.51344334 31951.73084968 4452.24047816 -7133.37396997 -1117.64154530 -14797.76728047 -6550.25221448 17903.45518216 11094.82072142 14734.81536457 20925.55653862 28321.60521443 34071.09062806 25939.83746406 8594.13878495 13382.09265465 7366.19504254 7725.42812508 2891.50643717 15366.98716861 22461.86280936 25319.01464164 970.29260702 4046.24516746 -4705.11449609 5849.75911759 7502.87437138 6591.97178126 7627.45487223 5301.67603338 2307.55579264 13147.05542409 2512.14569717 6992.57959540 3103.80352129 8953.15706309 -441.56556365 5737.33775242 3775.17263619 8538.78592851 4413.21999483 1500.18057843 5197.60064616 7911.28609525 6806.68114456 3259.22842972 3105.39415945 6344.06243304 1242.68820603 4371.82433332 4302.81655192 3600.58975089 3328.86372058 3306.44093365 3000.70337794 4467.18888536 4645.14626918 2638.20906394 2667.50756206 2761.25005481 3308.84302232 2801.03701390 2202.69859300 2226.16796013 2557.38454144 3342.10409962 2868.14623204 2753.11132309 2066.92758290 1991.27448106 1759.19645673 2165.08255181 1823.22121402 2602.69763105 1892.72979045 1809.65767362 1175.49002440 1325.01922245 1225.11638611 1404.49795174 1815.10621793 1085.43445527 1385.73804237 1336.45012510 1404.08548031 1100.15086893 1334.54477004 1103.71821259 915.53743133 852.93882603 911.85474649 715.49202613 784.16592610 750.58430025 907.08866440 712.20729224 785.10463340 669.87222474 625.00913862 542.11102249 629.72928811 573.83686928 601.26856643 604.87835967 559.42593988 499.49218014 467.00032605 507.41934146 465.61040427 453.25265548 384.78724787 374.78043229 354.88478269 376.58548671 386.59678384 340.34251412 350.06646642 354.29655251 347.68126097 335.38463374 308.96323908 290.99823946 286.46613931 271.13217614 235.46183615 234.12929536 212.05636674 212.58964069 207.43176238 195.11451155 198.19174314 189.17709552 179.47224630 173.16354760 166.15313257 162.44144714 153.08748301 137.82614376 132.75718535 141.63667846 127.31906143 126.91010542 116.79931929 112.00924716 101.72546716 99.67395972 94.27564816 91.80450803 91.05401187 83.62628194 77.24355227 80.96947947 69.04700246 70.58851467 64.69627982 61.90368754 56.85587604 50.98489958 52.77542746 45.28771907 44.50484819 42.00192980 39.85983807 37.49579475 34.86103917 31.39706772 29.58954263 28.84459182 26.07473548 24.54887873 23.53364625 21.54269177 18.18362812 18.47039220 17.29055207 16.19539815 15.26983687 13.50969062 13.13210750 11.14291536 10.36395673 10.44877016 8.69542831 8.29474901 7.70552718
-428072.55471295 354303.86263783 -166165.65812671 76418.21400152 194988.10304561 310033.92484293 136976.12394787 105690.07427408 -73363.56664042 182357.27969667 8224815.23906757 -194658.62299207 97108.49138204 206382.56639306 -65830.41265747 1104.49422534 6130.05602578 95927.04699177 -4676.72858763 146585.01004267 -81293.86732248 85876.08422297 -69301.78985294 61700.88423711 12372.70248950 -11511.09105101 43953.85346383 -19763.93212924 10917.51200639 39853.98107105 12133.75687746 -12409.21505378 35061.79735012 16932.60223602 -68727.17800862 -55089.20034187 -21763.19813018 103737.86445887 -3272.23821647 53109.75072544 46579.61517324 -2766.90366989 -20413.76129313 -8234.69767863 50282.73378963 6446.54723327 -64394.93772438 -2732.51431943 8100.13700170 6978.89139957 -308.38812375 13892.99031214 -6791.70866484 33737.23259536 17430.78498266 10576.86044617 7992.29380817 4600.08710846 -1435.32436204 10963.54006817 -2887.63245251 -1544.53480108 6496.96111398 7743.57223126 6654.30427026 8499.61383233 9303.19655207 7212.74561113 3832.82671894 7598.72311678 6771.19051127 2043.78913321 5040.37045110 9974.88462329 4835.38579816 9637.71847113 4073.05883598 737.50686417 3866.44325460 4987.49708700 9595.96104258 5583.70580386 5853.54675516 2933.37478838 655.82066064 3562.33506953 3859.96569341 1715.56892697 2777.52597315 4374.24131630 1590.93444839 1974.58821037 3361.20602666 1150.78184486 4045.33869714 1460.13607852 3092.50632337 2290.05975215 2236.33179305 2579.66623435 2089.43050972 1311.35766580 2241.74685744 1777.95165722 993.07638725 1427.94149440 1369.06147714 1360.91247652 1571.53101482 1354.73635176 1765.74049672 1150.40062999 1396.72243321 1143.96362815 1267.64598828 977.89892250 1277.36894980 925.75977642 1075.35573359 1029.11338821 767.30491388 863.01669127 914.37698972 542.23872858 679.10282283 759.27534578 864.05808961 621.98253249 759.11585703 583.32657113 583.48834509 573.32922073 481.24305149 641.86115024 578.15738127 524.61254350 506.12686881 528.38201620 415.21824836 372.34498473 401.70236418 405.96348068 387.73127688 404.96532959 382.48478648 363.81402952 322.47021240 343.86979653 310.81643261 274.50264450 304.47550136 292.82051606 277.21190784 240.31444672 226.93844991 232.73180929 252.33563505 223.59944778 208.03512690 208.13127200 205.45606146 191.51195649 179.07007977 174.39879318 173.76503193 148.38888560 166.92425598 147.92310601 142.65425731 148.34470325 130.92745184 113.62850655 125.28489176 107.67822238 109.91983764 111.50842527 100.92738363 90.25972920 86.79683349 90.66920254 83.16997302 86.48045494 72.59197695 66.04811752 58.38572412 61.57837877 60.52722861 54.97353802 52.18059323 50.58326714 44.46066010 44.29749861 43.39302203 37.75904085 37.43989902 32.61024703 34.00916140 27.84216848 26.55028768 26.35460431 23.97292737 21.34713572 20.88327889 19.81836712 18.31702456 17.27909669 15.60102840 14.51645736 13.19500428 12.20551211 10.96539176 10.52901394 8.60855027
59962.00821985 49798.26171716 -190886.41140417 -32149.35064475 -175988.94376712 292896.89754387 -156485.80796620 160023.69717391 28485.25296637 -88080.52875669 -194658.62299207 2889290.42660911 -30952.08283778 -151172.06108201 -91537.48741856 -18485.76941410 35287.14958629 76937.60720435 57472.01477640 19736.59083330 -27180.68058634 20967.74819125 7364.09781973 9612.21678485 16317.23803498 53751.26914081 2713.07463874 23796.14429340 6946.96878578 -15768.66514768 -19015.76854310 37982.36144935 12536.33499154 13727.79635897 -20381.02536906 1990.10061567 21281.61166535 52695.65039132 17373.96141679 -4076.54084435 5189.40096265 4983.62617905 1785.10611738 -3518.41262810 3382.52474489 -5709.85651648 -43608.40227007 8421.91886046 -417.23908557 6164.93839002 23125.30128208 7735.72601004 2898.21439626 -118.52963120 996.99585633 2974.96851724 13430.22575272 4139.97761376 4815.58470304 5934.68128114 5040.63896789 3896.13484690 2147.54138627 7216.30754960 8108.78267406 5501.90628004 1409.03659623 -947.19323490 2276.08302850 5032.12376244 5041.56200460 6539.28619670 786.08419284 4517.58319334 3630.23507947 2527.23910067 4485.53981645 1060.50572034 2290.19327788 3744.52639757 4401.88309560 1478.01939432 338.75919257 2173.83121096 2643.78542341 1918.98692628 1264.47831479 3975.93920045 1572.52022782 894.79849447 1662.77942104 1748.39745861 1227.33303941 1334.28426854 2486.75060593 1973.09991772 1607.46811191 1718.63203368 1761.94716751 1340.22468954 1566.65567642 1582.01612672 834.89329574 949.90228830 1684.12402951 1381.61347699 957.37853506 1112.92838842 1133.99404686 869.67988727 870.36619763 845.34783510 667.56573710 729.15116864 832.74102754 841.22284878 835.53834971 603.35691670 669.81047538 747.70493775 788.64270718 725.58044761 592.21344589 658.23064687 393.23076425 598.27469264 416.31358939 581.87902514 509.83096804 471.89065016 475.41596227 455.69090064 456.34658424 448.12312699 400.69523256 413.52793705 396.92061075 381.88007984 372.78704755 363.36411227 356.61935079 329.59038296 302.55758320 255.92664452 289.62392351 259.95126374 254.00361956 235.08399170 253.57477117 245.37790085 249.71159821 211.38647382 232.11075588 209.41292766 192.07306498 190.04541777 178.00676312 164.87830090 167.06222753 160.04691494 158.22427015 139.04284766 149.65283209 128.64962015 117.99120939 114.74392791 116.54795879 102.98375751 104.59704397 100.12181510 96.82242621 90.94622237 88.23125577 80.88747405 76.65671410 80.98583393 69.86650453 70.74424265 63.47161565 62.62327742 58.53154875 56.64761643 53.11258761 48.63722766 44.86179846 45.41392794 40.89516141 40.36417061 36.70746322 35.48226732 30.62220351 30.48052829 29.99874899 25.82832367 25.57576393 21.26324960 20.85336736 20.62992138 17.82507733 18.23573023 16.53119079 14.26799551 13.22208454 12.70506812 10.89118491 10.08197290 9.91750228 8.44272792 7.85362851 7.44606454 6.74801413 6.27023840 6.38963635
-252960.58648761 318451.63255644 204562.43711257 -462405.35596079 925.67444691 -18518.17376235 -78405.00503450 -2413.56483548 -71816.27727352 27320.38381685 97108.49138204 -30952.08283778 1143945.65169830 -52487.91489351 15216.80379488 50471.12905519 54779.63420352 -33476.67794752 6545.60207462 832.81035025 22195.71022544 2890.58897762 35544.13652519 -70.89473922 10062.44047384 -6626.00813611 -20495.81310830 10858.41259957 12604.92453869 14386.33574692 10864.58444008 15281.34110755 25980.64022137 5097.04085551 14203.04082445 13190.61091750 11571.26470957 31578.20793392 4812.79217749 9380.92552042 3835.85830630 6003.35326976 12327.26119393 9355.81804961 12845.72700828 -2942.45271460 -3080.41648998 2388.90090564 12196.05976575 8305.57191954 17719.20519783 5667.64222578 8792.04343750 823.41879439 5201.31558781 3947.33218953 3239.64357058 2586.54719399 427.73878363 3985.42197150 3080.86487428 2919.66817550 5225.86091518 2591.03331388 6318.46953363 4746.45980650 4052.13494815 2810.37562988 4537.58486886 1489.71780461 3394.72306395 3047.18190833 2379.20997879 1261.03125713 1134.27232328 2920.57797083 2063.68551824 1447.06940050 946.40473307 2821.46488230 2331.68297977 3488.89542685 3437.88938902 1625.22881177 579.92756712 853.39871627 1072.43532334 2356.98688365 990.93459678 1630.50759691 2755.52436644 1629.13351255 1519.13834257 2135.82171790 1421.66162395 953.47031296 1145.14743692 1366.10469795 1472.54079724 868.38019152 988.18882171 814.17996093 771.57563086 961.06404798 1162.37527718 704.62111759 909.52949122 644.93389827 768.25365229 766.91502831 837.82437505 828.55133449 561.34145249 625.95728600 588.21136318 774.45198573 546.17780392 644.10666635 583.96651773 574.98234804 443.35926603 481.54169711 497.89449768 470.42541585 473.18433390 412.11818663 435.16981274 366.00605174 325.94516555 307.54748341 335.42879264 325.98938949 304.54004439 334.79497476 324.67961795 303.55488725 289.38791137 271.06243391 230.32554105 252.32645706 238.39669586 244.07527453 233.24650573 216.32066221 223.45743140 205.97575049 206.13777641 170.27108466 170.73225285 191.14105425 165.17988946 160.59724606 151.17434928 149.92353883 138.32593370 144.97586106 141.65071238 131.59420545 118.85375772 124.46411706 112.75930836 108.02077140 96.77794594 100.03852918 98.51289105 96.86896099 92.04330309 82.90574344 80.16602231 75.26734235 78.15091971 72.62996906 66.96440139 65.14282008 66.11491555 54.60275098 55.95722895 52.86375691 52.94985017 48.28426281 47.08352289 40.83058249 42.97694740 39.37487413 36.02165508 37.07099652 31.41109605 34.13822851 30.97168985 29.60418396 28.01290808 26.79239888 25.35375886 24.07347086 22.72266172 20.22074783 20.45632593 17.88387790 16.43952656 16.00612486 14.44855523 13.19042659 13.19938977 11.83143304 11.21561324 10.35620114 9.72534047 9.16743989 8.23899501 7.48682092 6.84828213 6.37120200 5.96356884
